45195395
14882020
53480921
53480921
38753118
53480921
23262832
23262832
53480921
53480921
23262832
53480921
889338
889338
53480921
30183725
38753118
889338
14882020
889338
23262832
53480921
53480921
38753118
38115149
92468410
53480921
53480921
23262832
53480921
23262832
53480921
53480921
23262832
889338
53480921
53480921
53480921
53480921
53480921
889338
11588129
889338
889338
889338
53480921
53480921
889338
53480921
889338
53480921
53480921
53480921
22609179
23262832
53480921
38753118
889338
183353184
53480921
53480921
889338
53480921
53480921
889338
300970348
10966734
23262832
53480921
889338
53480921
889338
889338
889338
889338
53480921
38753118
38115149
53480921
45195395
53480921
53480921
38753118
53480921
53480921
23262832
92468410
14035344
38753118
889338
889338
14882020
53480921
14882020
889338
53480921
53480921
23262832
889338
889338
53480921
23262832
53480921
14882020
53480921
53480921
23262832
68926992
53480921
53480921
53480921
889338
889338
889338
53480921
889338
23262832
38753118
889338
53480921
53480921
53480921
889338
889338
22609179
53480921
53480921
53480921
53480921
53480921
53480921
38753118
53480921
23262832
53480921
53480921
53480921
889338
45195395
53480921
28293259
53480921
45195395
23262832
1809896
889338
10966734
23262832
53480921
14882020
53480921
53480921
53480921
1809896
53480921
889338
889338
53480921
53480921
173982744
92468410
66079622
889338
92468410
23262832
889338
14035344
889338
48526560
14035344
889338
38753118
53480921
53480921
23262832
53480921
14882020
68926992
57250090
53480921
53480921
53480921
53480921
53480921
53480921
53480921
53480921
14882020
53480921
10966734
11588129
53480921
53480921
23262832
53480921
53480921
53480921
30183725
53480921
53480921
23262832
889338
53480921
889338
53480921
14882020
889338
92468410
38753118
11588129
889338
889338
53480921
53480921
53480921
38753118
53480921
53480921
38115149
889338
23262832
23262832
889338
53480921
38753118
889338
889338
53480921
53480921
23262832
38753118
23262832
23262832
36248580
889338
889338
889338
10966734
53480921
23262832
53480921
53480921
53480921
889338
53480921
53480921
23262832
53480921
53480921
48526560
23262832
23262832
53480921
217050835
409205052
53480921
121832093
92468410
23262832
53480921
53480921
53480921
38753118
53480921
889338
68926992
23262832
889338
23262832
23262832
53480921
321335696
53480921
38753118
45195395
33448008
53480921
889338
53480921
53480921
889338
53480921
53480921
53480921
53480921
10966734
53480921
889338
92468410
53480921
427084561
23262832
53480921
53480921
38753118
53480921
53480921
889338
889338
23262832
53480921
889338
92468410
889338
22609179
38753118
23262832
53480921
14882020
22609179
889338
53480921
53480921
53480921
53480921
53480921
53480921
23262832
53480921
14035344
246644886
28293259
45195395
53480921
23262832
53480921
44995662
19464223
23262832
92468410
38753118
10966734
246644886
53480921
53480921
53480921
53480921
53480921
44995662
53480921
45195395
53480921
23262832
53480921
53480921
53480921
14882020
53480921
53480921
53480921
889338
23262832
53480921
889338
53480921
53480921
889338
23262832
53480921
53480921
889338
73480716
53480921
14882020
53480921
53480921
53480921
53480921
38753118
23262832
68926992
23262832
53480921
53480921
14882020
889338
53480921
53480921
889338
53480921
889338
889338
53480921
53480921
889338
889338
92468410
53480921
518953187
53480921
23262832
889338
38753118
53480921
14035344
23262832
53480921
23262832
68926992
53480921
68926992
23262832
1809896
68926992
23262832
23262832
53480921
53480921
23262832
53480921
48526560
38753118
53480921
22609179
53480921
23262832
53480921
23262832
53480921
53480921
53480921
38753118
53480921
23262832
23262832
250802300
53480921
53480921
889338
53480921
23262832
33448008
53480921
38753118
53480921
889338
53480921
889338
92468410
53480921
53480921
889338
53480921
23262832
53480921
53480921
53480921
38753118
38753118
889338
53480921
38753118
53480921
889338
53480921
45195395
19464223
53480921
23262832
889338
53480921
889338
53480921
23262832
53480921
53480921
53480921
53480921
53480921
73480716
23262832
53480921
53480921
53480921
53480921
53480921
53480921
53480921
45195395
53480921
409205052
53480921
66079622
44995662
53480921
53480921
53480921
53480921
10966734
14882020
53480921
14882020
10966734
53480921
23262832
23262832
889338
53480921
889338
23262832
23262832
23262832
53480921
53480921
53480921
53480921
53480921
23262832
23262832
889338
889338
53480921
246644886
23262832
14882020
53480921
889338
889338
23262832
48526560
889338
889338
889338
53480921
53480921
53480921
53480921
23262832
53480921
23262832
23262832
889338
23262832
889338
38115149
53480921
38753118
53480921
889338
23262832
23262832
30183725
23262832
53480921
23262832
53480921
53480921
889338
14882020
10966734
23262832
53480921
19464223
53480921
44995662
53480921
53480921
23262832
11588129
53480921
53480921
889338
53480921
889338
53480921
38753118
889338
23262832
121832093
23262832
889338
889338
53480921
38753118
53480921
11588129
57250090
889338
66079622
53480921
889338
10966734
66079622
53480921
1809896
53480921
53480921
22609179
53480921
10966734
53480921
53480921
889338
889338
889338
23262832
53480921
53480921
53480921
53480921
53480921
889338
23262832
889338
889338
38753118
121832093
181128088
23262832
53480921
53480921
53480921
53480921
53480921
92468410
10966734
889338
53480921
53480921
23262832
889338
38753118
53480921
23262832
10966734
53480921
1809896
53480921
889338
889338
53480921
53480921
23262832
23262832
121832093
53480921
53480921
53480921
53480921
53480921
19464223
53480921
23262832
53480921
53480921
53480921
889338
38115149
889338
408118926
298185416
23262832
53480921
10966734
53480921
92468410
53480921
53480921
53480921
48526560
53480921
68926992
53480921
38753118
53480921
38753118
36248580
38753118
53480921
53480921
28293259
53480921
38753118
10966734
23262832
38753118
53480921
53480921
53480921
53480921
53480921
23262832
53480921
53480921
23262832
53480921
53480921
28293259
38753118
889338
23262832
53480921
53480921
23262832
889338
889338
53480921
23262832
53480921
23262832
38753118
889338
246644886
10966734
889338
889338
53480921
38753118
889338
889338
53480921
53480921
10966734
23262832
53480921
23262832
53480921
889338
53480921
92468410
23262832
53480921
33448008
22609179
23262832
889338
53480921
10966734
53480921
53480921
23262832
889338
38753118
53480921
53480921
53480921
23262832
1809896
53480921
53480921
53480921
889338
889338
53480921
36248580
53480921
53480921
45195395
19464223
53480921
53480921
53480921
68926992
23262832
68926992
53480921
53480921
53480921
23262832
53480921
10966734
53480921
23262832
23262832
889338
10966734
53480921
53480921
53480921
23262832
53480921
246644886
53480921
14882020
66079622
53480921
53480921
305861994
53480921
53480921
23262832
68926992
23262832
889338
53480921
92468410
92468410
53480921
23262832
23262832
33448008
889338
53480921
53480921
53480921
23262832
23262832
889338
23262832
30183725
92468410
53480921
889338
23262832
19464223
14882020
53480921
889338
889338
28293259
53480921
53480921
889338
57250090
23262832
30183725
53480921
53480921
889338
53480921
889338
53480921
45195395
889338
53480921
889338
889338
53480921
53480921
53480921
23262832
53480921
889338
53480921
53480921
53480921
53480921
38753118
889338
23262832
889338
889338
889338
66079622
23262832
53480921
53480921
53480921
53480921
53480921
23262832
53480921
53480921
14035344
53480921
38753118
10966734
53480921
23262832
889338
53480921
19464223
53480921
23262832
23262832
53480921
889338
53480921
73480716
53480921
53480921
23262832
53480921
19464223
53480921
53480921
1809896
53480921
889338
28293259
889338
23262832
45195395
53480921
889338
53480921
48526560
23262832
53480921
53480921
53480921
53480921
1809896
889338
53480921
23262832
53480921
23262832
22609179
53480921
53480921
889338
53480921
23262832
38753118
53480921
53480921
23262832
53480921
38753118
889338
23262832
53480921
53480921
53480921
53480921
23262832
23262832
889338
53480921
53480921
57250090
889338
889338
23262832
889338
14882020
53480921
53480921
45195395
53480921
53480921
53480921
53480921
53480921
889338
53480921
889338
53480921
53480921
53480921
92468410
889338
53480921
23262832
53480921
53480921
53480921
889338
53480921
248467749
23262832
889338
23262832
23262832
57250090
68926992
23262832
92468410
23262832
53480921
889338
23262832
889338
53480921
23262832
53480921
53480921
53480921
19464223
23262832
53480921
889338
38753118
23262832
23262832
23262832
53480921
23262832
1809896
23262832
38753118
53480921
23262832
38753118
23262832
10966734
158773196
889338
53480921
889338
889338
889338
23262832
23262832
889338
53480921
53480921
53480921
53480921
