250 249 1000
746096833 958776302 312283106 332899437 801050238 824357332 691602108 417115044 958226078 606835084 427951580 608885045 248467749 199269529 891598291 981779840 857464215 1809896 827754288 908137409 91012788 560236948 922569215 354608180 388958763 188338759 593211119 300970348 547673827 73480716 353904642 918406498 797304541 509052040 115026186 518953187 450729203 19464223 949089612 246644886 69792663 740924032 283939094 641951293 831897416 325339328 926391235 491086534 791776439 440358644 186753009 737139221 783179467 840063820 411994098 453090128 599203876 265396406 708839393 131869317 571996693 651907497 305861994 882896494 732872058 321335696 681830691 255533882 714113926 514790933 10966734 888336104 856755418 129690559 700320796 14882020 95925763 257443456 374311309 215547441 859284977 879090840 279459699 224408245 183353184 842529914 506342665 142337218 238001539 181128088 709089238 250802300 522804990 631039726 283635461 45195395 947568429 68926992 828252621 986865490 408118926 489723164 251423338 23262832 365019129 711071203 850012062 470996449 557998387 869215833 506283285 275560984 628008810 53480921 257211477 57250090 506164881 762715121 22609179 751658859 993761964 334349758 44995662 409205052 663520353 314593441 928247112 613162671 469156164 298185416 158756434 597933881 756545174 92696291 950767560 534218444 959272052 113773111 28293259 158773196 63522705 113032904 517724499 337769379 992595343 48526560 986420904 560864274 548140012 186096339 716314776 949603181 983989296 66079622 240276593 516256282 550488245 889338 588414609 963733949 482378170 191951010 368979643 566582011 434799997 518030406 891486394 951797295 937890704 995422409 611437915 209072154 249433207 482210166 38115149 990902273 618610090 427084561 92468410 415802680 680960718 491845037 807795743 225830835 499055670 893484301 709032261 591953917 569476813 351878052 217050835 688832049 466683325 979993477 557951259 259959000 188163118 909440151 582974509 257577439 112358523 585276590 293976891 366236338 778008673 561540023 517534812 234623864 964961521 823550785 535068313 291359382 14035344 325398524 33448008 30183725 924956063 140778332 240477905 362828173 383687333 748100365 603483069 164158296 561129731 79609691 173982744 965641231 402212122 670928491 315317756 484127454 121832093 611215474 570874411 36248580 858448594 684045765 672899238 850133756 841545532 870675289 11588129 807489082 574590160 559544911 136334902 38753118 238098728 136245496
149 114
37 40
104 20
190 114
180 72
48 215
49 114
174 84
98 89
12 122
184 28
166 151
76 114
59 114
199 215
29 140
53 114
135 114
65 114
12 114
232 22
195 114
145 37
114 119
114 232
114 188
129 114
161 186
112 181
81 153
114 206
114 242
162 114
120 116
6 192
114 143
114 128
82 78
36 238
114 75
157 76
35 103
13 106
94 243
229 114
249 167
224 105
87 114
1 114
114 33
177 193
114 136
205 232
225 86
57 114
139 114
74 101
165 114
114 23
114 126
187 114
39 107
138 209
114 204
233 224
158 169
114 146
180 90
115 110
174 144
114 226
114 211
227 61
19 114
114 208
78 223
209 183
185 163
114 60
145 113
114 131
114 51
114 54
92 223
70 99
111 114
227 67
84 61
48 41
66 105
207 82
147 36
99 30
118 63
88 166
115 114
114 175
70 192
132 114
189 195
114 95
38 114
236 114
57 32
203 114
231 114
117 106
174 137
56 239
234 55
246 114
161 184
212 152
114 79
114 123
147 66
114 97
50 179
201 247
96 24
81 186
114 93
151 116
58 114
52 203
114 46
77 114
142 114
10 114
86 169
112 114
48 91
114 197
89 166
85 177
153 104
11 225
80 1
102 221
64 199
191 213
248 202
182 114
83 72
14 8
103 191
45 185
2 114
134 148
217 44
154 90
114 214
114 156
114 73
63 240
150 179
114 43
114 8
114 237
233 137
114 247
85 69
114 241
170 114
11 176
77 228
7 114
118 117
114 68
114 21
156 47
75 120
114 100
178 113
176 25
212 30
114 71
114 159
114 127
34 183
230 244
227 125
114 94
148 235
217 114
163 69
219 114
45 130
26 193
221 164
239 114
31 227
57 220
200 131
17 101
179 207
235 72
167 114
114 141
114 216
114 222
114 9
71 171
50 210
20 152
191 234
125 150
4 114
113 42
96 112
29 238
109 154
160 114
158 74
40 39
83 15
107 13
178 124
174 198
114 3
230 114
209 109
114 102
17 148
114 27
248 218
124 108
133 114
114 62
34 6
130 41
245 135
5 115
250 79
114 121
114 18
115 173
64 11
168 140
155 114
114 16
194 140
196 150
35 248
108 55
172 44
240 92
194 98
202 28
Q 58 24
Q 131 76
Q 75 226
Q 226 172
Q 81 198
Q 5 35
Q 212 113
Q 115 90
Q 94 16
Q 110 66
Q 134 33
Q 108 229
Q 176 44
Q 101 69
Q 167 150
Q 216 121
Q 156 161
Q 48 16
Q 222 76
Q 18 158
Q 148 120
Q 205 47
Q 174 121
Q 153 7
Q 147 175
Q 42 84
Q 19 117
Q 40 141
Q 74 103
Q 2 195
Q 32 109
Q 54 116
Q 239 105
Q 127 30
Q 209 158
Q 159 181
Q 1 211
Q 162 201
Q 195 162
Q 217 182
Q 227 193
Q 81 243
Q 246 48
Q 69 128
Q 85 108
Q 102 167
Q 201 47
Q 169 186
Q 75 189
Q 48 118
Q 241 55
Q 220 66
Q 150 229
Q 119 234
Q 6 123
Q 110 147
Q 81 121
Q 75 225
Q 130 26
Q 167 37
Q 27 118
Q 156 64
Q 49 237
Q 65 102
Q 215 122
Q 202 28
Q 217 171
Q 144 192
Q 179 133
Q 224 64
Q 98 164
Q 198 41
Q 215 158
Q 35 215
Q 177 220
Q 115 32
Q 191 184
Q 39 175
Q 227 220
Q 96 87
Q 228 68
Q 12 194
Q 184 13
Q 121 122
Q 128 125
Q 180 190
Q 61 113
Q 141 213
Q 16 81
Q 87 25
Q 236 64
Q 76 179
Q 167 107
Q 76 150
Q 193 135
Q 57 187
Q 55 241
Q 84 15
Q 57 91
Q 26 161
Q 7 108
Q 144 101
Q 208 178
Q 196 157
Q 217 214
Q 227 16
Q 32 148
Q 166 39
Q 32 217
Q 237 77
Q 250 59
Q 169 235
Q 11 18
Q 110 158
Q 121 63
Q 125 163
Q 90 224
Q 207 186
Q 71 69
Q 159 54
Q 27 12
Q 79 229
Q 26 132
Q 85 99
Q 119 108
Q 244 181
Q 232 65
Q 108 102
Q 232 207
Q 100 93
Q 4 141
Q 218 188
Q 128 40
Q 219 70
Q 137 73
Q 102 165
Q 19 103
Q 169 229
Q 96 2
Q 247 59
Q 139 57
Q 21 107
Q 24 79
Q 236 152
Q 8 18
Q 41 107
Q 71 40
Q 31 15
Q 16 9
Q 157 96
Q 27 57
Q 40 211
Q 62 189
Q 18 245
Q 122 229
Q 215 160
Q 69 63
Q 190 58
Q 222 112
Q 137 67
Q 78 150
Q 180 34
Q 12 48
Q 50 125
Q 122 20
Q 134 185
Q 108 213
Q 137 185
Q 168 146
Q 161 213
Q 126 69
Q 229 153
Q 120 201
Q 44 210
Q 168 90
Q 35 203
Q 36 76
Q 178 151
Q 168 116
Q 142 245
Q 50 237
Q 57 27
Q 220 151
Q 238 22
Q 121 249
Q 241 112
Q 207 1
Q 142 157
Q 106 57
Q 71 24
Q 243 174
Q 160 211
Q 59 111
Q 14 99
Q 126 182
Q 97 149
Q 57 143
Q 94 216
Q 133 50
Q 131 142
Q 101 239
Q 163 179
Q 12 78
Q 155 215
Q 16 73
Q 43 157
Q 230 163
Q 224 207
Q 32 248
Q 243 245
Q 129 64
Q 68 176
Q 98 182
Q 207 141
Q 164 131
Q 50 186
Q 203 239
Q 197 49
Q 175 201
Q 170 185
Q 154 5
Q 17 141
Q 221 25
Q 77 59
Q 202 120
Q 106 225
Q 239 41
Q 219 10
Q 43 164
Q 235 188
Q 153 237
Q 172 72
Q 34 197
Q 236 230
Q 60 86
Q 92 85
Q 141 45
Q 171 167
Q 8 167
Q 17 120
Q 181 75
Q 21 242
Q 201 84
Q 239 11
Q 58 220
Q 105 165
Q 30 52
Q 3 217
Q 27 207
Q 146 223
Q 183 61
Q 217 17
Q 190 223
Q 117 103
Q 234 145
Q 140 201
Q 168 144
Q 191 67
Q 170 235
Q 228 126
Q 190 205
Q 127 94
Q 229 248
Q 228 63
Q 181 45
Q 234 98
Q 15 32
Q 177 144
Q 116 212
Q 183 151
Q 201 58
Q 66 147
Q 52 23
Q 63 153
Q 96 77
Q 64 41
Q 43 206
Q 159 41
Q 13 58
Q 136 4
Q 169 166
Q 229 57
Q 4 219
Q 79 245
Q 179 77
Q 171 219
Q 19 250
Q 185 187
Q 150 240
Q 178 129
Q 37 178
Q 152 208
Q 125 3
Q 246 197
Q 153 210
Q 206 79
Q 155 246
Q 230 64
Q 146 11
Q 70 222
Q 113 128
Q 64 89
Q 50 234
Q 80 130
Q 119 139
Q 198 161
Q 42 90
Q 190 7
Q 28 76
Q 119 156
Q 135 163
Q 46 168
Q 155 37
Q 206 226
Q 128 110
Q 44 12
Q 79 113
Q 134 239
Q 197 241
Q 213 84
Q 124 106
Q 139 53
Q 4 24
Q 137 3
Q 242 70
Q 4 164
Q 230 123
Q 175 38
Q 77 192
Q 210 179
Q 186 100
Q 71 128
Q 106 234
Q 100 113
Q 172 147
Q 135 206
Q 167 102
Q 12 214
Q 23 123
Q 4 31
Q 89 96
Q 178 68
Q 70 147
Q 131 84
Q 237 92
Q 79 242
Q 7 76
Q 217 249
Q 60 220
Q 9 166
Q 177 201
Q 83 189
Q 249 132
Q 215 167
Q 162 57
Q 222 137
Q 236 158
Q 72 204
Q 204 198
Q 53 43
Q 177 19
Q 70 30
Q 166 97
Q 240 157
Q 233 114
Q 51 55
Q 241 84
Q 168 128
Q 228 202
Q 79 134
Q 88 191
Q 161 104
Q 100 59
Q 77 173
Q 166 157
Q 250 64
Q 33 143
Q 65 224
Q 130 233
Q 170 250
Q 64 228
Q 7 158
Q 219 29
Q 242 88
Q 176 250
Q 242 193
Q 67 113
Q 29 200
Q 36 147
Q 35 181
Q 135 90
Q 130 87
Q 195 186
Q 201 97
Q 213 202
Q 205 209
Q 156 63
Q 74 137
Q 50 166
Q 12 149
Q 151 106
Q 175 30
Q 60 18
Q 78 166
Q 79 134
Q 30 159
Q 172 57
Q 100 129
Q 152 97
Q 127 68
Q 146 111
Q 184 95
Q 87 165
Q 149 119
Q 245 87
Q 95 154
Q 181 247
Q 195 183
Q 170 179
Q 115 250
Q 226 166
Q 161 206
Q 228 32
Q 5 209
Q 180 111
Q 78 118
Q 68 174
Q 5 207
Q 86 206
Q 67 205
Q 1 209
Q 41 225
Q 56 126
Q 218 196
Q 1 57
Q 177 50
Q 35 128
Q 105 185
Q 194 13
Q 53 147
Q 124 10
Q 99 69
Q 219 244
Q 188 138
Q 226 9
Q 115 51
Q 228 223
Q 129 184
Q 218 140
Q 213 169
Q 155 143
Q 103 184
Q 247 78
Q 30 199
Q 229 47
Q 96 100
Q 152 38
Q 219 221
Q 159 15
Q 175 69
Q 59 245
Q 221 11
Q 160 98
Q 192 53
Q 92 57
Q 27 164
Q 87 8
Q 100 159
Q 189 240
Q 20 138
Q 222 180
Q 189 150
Q 250 120
Q 16 8
Q 231 244
Q 1 117
Q 141 133
Q 117 5
Q 96 52
Q 241 237
Q 55 124
Q 140 3
Q 101 30
Q 100 123
Q 206 5
Q 206 53
Q 246 167
Q 115 178
Q 171 131
Q 76 209
Q 56 214
Q 3 157
Q 243 71
Q 1 44
Q 55 15
Q 74 78
Q 207 41
Q 4 129
Q 25 6
Q 148 179
Q 162 15
Q 90 240
Q 204 181
Q 189 54
Q 61 80
Q 205 121
Q 182 196
Q 104 235
Q 74 210
Q 71 185
Q 90 48
Q 182 155
Q 107 124
Q 17 37
Q 36 157
Q 51 132
Q 242 215
Q 215 97
Q 6 167
Q 146 100
Q 160 199
Q 215 153
Q 199 201
Q 12 102
Q 174 32
Q 159 187
Q 188 105
Q 72 208
Q 172 203
Q 230 74
Q 149 72
Q 25 90
Q 183 133
Q 178 193
Q 79 175
Q 60 174
Q 81 57
Q 131 112
Q 167 193
Q 72 82
Q 30 62
Q 216 50
Q 70 7
Q 9 170
Q 209 232
Q 242 12
Q 211 84
Q 48 71
Q 39 76
Q 121 71
Q 70 141
Q 107 226
Q 57 38
Q 113 114
Q 42 123
Q 21 137
Q 7 47
Q 15 36
Q 219 243
Q 245 126
Q 233 129
Q 25 1
Q 19 103
Q 85 7
Q 115 198
Q 223 218
Q 153 64
Q 180 94
Q 147 61
Q 227 70
Q 215 203
Q 41 180
Q 162 232
Q 186 125
Q 27 51
Q 243 44
Q 63 75
Q 82 48
Q 148 34
Q 131 8
Q 43 45
Q 71 109
Q 20 134
Q 42 250
Q 239 18
Q 108 164
Q 200 205
Q 4 119
Q 110 9
Q 159 71
Q 29 2
Q 204 44
Q 3 41
Q 13 64
Q 218 41
Q 138 181
Q 200 60
Q 51 16
Q 196 187
Q 36 142
Q 108 43
Q 136 86
Q 23 6
Q 91 60
Q 65 199
Q 7 161
Q 84 224
Q 148 90
Q 90 39
Q 29 230
Q 23 240
Q 66 206
Q 239 246
Q 9 55
Q 144 42
Q 136 71
Q 130 173
Q 172 43
Q 155 162
Q 153 154
Q 25 126
Q 131 81
Q 33 116
Q 15 79
Q 84 171
Q 129 245
Q 161 18
Q 155 189
Q 64 138
Q 48 20
Q 112 3
Q 111 82
Q 67 104
Q 180 175
Q 31 168
Q 40 100
Q 44 181
Q 228 114
Q 60 16
Q 53 155
Q 87 38
Q 245 95
Q 83 47
Q 127 54
Q 92 239
Q 59 237
Q 11 209
Q 132 175
Q 28 86
Q 180 101
Q 130 163
Q 14 99
Q 97 2
Q 134 71
Q 31 188
Q 78 227
Q 47 224
Q 250 122
Q 22 9
Q 146 197
Q 247 31
Q 37 89
Q 162 203
Q 202 84
Q 7 32
Q 153 112
Q 241 236
Q 218 166
Q 136 167
Q 194 4
Q 4 139
Q 229 49
Q 210 186
Q 107 71
Q 209 222
Q 111 218
Q 147 7
Q 135 77
Q 56 52
Q 136 112
Q 147 62
Q 212 170
Q 145 60
Q 156 3
Q 154 206
Q 164 1
Q 237 129
Q 118 139
Q 151 186
Q 138 26
Q 12 109
Q 78 237
Q 32 239
Q 155 148
Q 225 203
Q 177 30
Q 9 100
Q 30 42
Q 189 132
Q 247 192
Q 111 161
Q 25 8
Q 63 108
Q 171 210
Q 69 165
Q 163 208
Q 239 121
Q 81 205
Q 68 169
Q 194 169
Q 33 182
Q 203 33
Q 71 81
Q 149 30
Q 128 63
Q 123 72
Q 49 80
Q 193 16
Q 65 29
Q 50 13
Q 138 21
Q 141 5
Q 48 225
Q 119 114
Q 3 212
Q 48 248
Q 19 143
Q 171 13
Q 5 14
Q 113 245
Q 50 72
Q 215 187
Q 155 202
Q 32 178
Q 187 43
Q 88 239
Q 245 34
Q 18 43
Q 208 131
Q 7 60
Q 144 181
Q 179 25
Q 85 135
Q 207 167
Q 46 236
Q 98 189
Q 58 221
Q 96 191
Q 94 38
Q 112 239
Q 63 129
Q 87 114
Q 89 82
Q 4 154
Q 151 174
Q 162 127
Q 127 204
Q 195 52
Q 212 100
Q 68 179
Q 171 117
Q 36 21
Q 109 249
Q 141 209
Q 215 81
Q 71 29
Q 222 151
Q 194 237
Q 22 97
Q 166 99
Q 100 116
Q 117 178
Q 7 194
Q 238 157
Q 138 101
Q 159 66
Q 116 156
Q 240 117
Q 120 73
Q 249 27
Q 83 3
Q 89 178
Q 20 29
Q 164 177
Q 226 214
Q 113 29
Q 92 125
Q 173 220
Q 74 51
Q 227 99
Q 177 64
Q 8 176
Q 170 217
Q 206 135
Q 128 55
Q 209 126
Q 92 152
Q 25 188
Q 68 72
Q 68 216
Q 196 103
Q 217 141
Q 78 85
Q 35 212
Q 36 38
Q 76 168
Q 50 142
Q 158 223
Q 70 215
Q 139 123
Q 32 42
Q 98 136
Q 175 177
Q 207 116
Q 6 245
Q 16 216
Q 31 141
Q 13 47
Q 91 79
Q 79 166
Q 153 176
Q 188 196
Q 96 196
Q 80 199
Q 228 142
Q 11 238
Q 57 91
Q 4 49
Q 131 206
Q 22 132
Q 170 152
Q 167 110
Q 26 20
Q 103 155
Q 40 46
Q 43 59
Q 107 205
Q 181 28
Q 120 45
Q 59 70
Q 142 91
Q 85 197
Q 225 170
Q 109 148
Q 83 5
Q 232 1
Q 207 111
Q 198 249
Q 36 77
Q 221 206
Q 90 161
Q 224 49
Q 68 36
Q 213 65
Q 33 203
Q 167 202
Q 110 171
Q 27 8
Q 17 240
Q 91 49
Q 128 167
Q 197 38
Q 13 133
Q 219 90
Q 148 14
Q 22 140
Q 20 86
Q 233 219
Q 212 138
Q 203 77
Q 77 1
Q 83 5
Q 65 37
Q 30 38
Q 237 141
Q 65 145
Q 127 18
Q 191 46
Q 139 215
Q 139 87
Q 104 26
Q 180 36
Q 237 96
Q 167 133
Q 19 64
Q 53 5
Q 146 237
Q 192 37
Q 204 238
Q 246 244
Q 54 2
Q 14 88
Q 18 20
Q 196 48
Q 204 40
Q 125 74
Q 150 143
Q 75 104
Q 119 229
Q 204 7
Q 58 126
Q 193 57
Q 50 205
Q 83 195
Q 237 202
Q 113 165
Q 224 242
Q 151 212
Q 211 147
Q 153 168
Q 41 65
Q 183 129
Q 151 141
Q 117 4
Q 33 106
Q 164 246
Q 102 101
Q 53 70
Q 86 244
Q 232 49
Q 80 7
Q 116 144
Q 215 232
Q 43 26
Q 184 209
Q 190 48
Q 157 232
Q 143 114
Q 121 204
Q 24 59
Q 2 89
Q 214 42
Q 73 234
Q 10 68
Q 174 111
Q 8 91
Q 229 49
Q 225 97
Q 108 245
Q 187 42
Q 211 204
Q 50 194
Q 51 86
Q 39 244
Q 30 155
Q 65 127
Q 73 9
Q 19 174
Q 194 193
Q 112 102
Q 13 223
Q 104 65
Q 41 190
Q 107 17
Q 70 80
Q 116 113
Q 67 89
Q 152 187
Q 61 124
Q 77 154
Q 214 108
Q 41 167
Q 128 90
Q 204 193
Q 241 179
Q 39 17
Q 49 206
Q 160 156
Q 107 132
Q 96 38
Q 31 235
Q 217 140
Q 188 48
Q 57 202
Q 235 21
Q 16 17
Q 214 74
Q 47 126
Q 154 140
Q 9 18
Q 247 20
Q 141 153
Q 23 80
Q 187 109
Q 80 202
Q 20 84
Q 71 150
Q 147 168
Q 26 166
Q 87 128
Q 112 11
Q 165 26
Q 134 91
Q 245 180
Q 189 152
Q 230 199
Q 165 249
Q 164 75
Q 44 145
