3745490
14613866
620915
14613866
620915
14613866
620915
620915
14613866
3745490
3745490
14613866
14613866
3745490
14613866
620915
620915
3745490
14613866
14613866
14613866
14613866
620915
620915
620915
620915
620915
14613866
620915
620915
14613866
53909342
3745490
16644297
620915
14613866
620915
14613866
14613866
14613866
3745490
3745490
14613866
620915
620915
620915
620915
620915
14613866
620915
14613866
3745490
14613866
14613866
14613866
3745490
14613866
3745490
3745490
14613866
620915
620915
14613866
14613866
620915
620915
14613866
14613866
14613866
32796156
14613866
14613866
14613866
3745490
3745490
86486605
14613866
14613866
7005960
3745490
620915
620915
14613866
620915
53909342
14613866
620915
1947421
620915
3745490
400869209
620915
53909342
3745490
620915
620915
14613866
14613866
14613866
620915
620915
71549390
3745490
14613866
14613866
3745490
14613866
5426210
86486605
620915
14613866
14613866
14613866
14613866
14613866
620915
2141189
14613866
2141189
14613866
14613866
620915
14613866
14613866
620915
1947421
620915
3745490
14613866
620915
32796156
14613866
14613866
14613866
2141189
620915
620915
14613866
620915
620915
14613866
14613866
620915
14613866
620915
53909342
14613866
620915
620915
14613866
3745490
14613866
620915
14613866
3745490
5426210
620915
3745490
620915
14613866
620915
3745490
620915
14613866
620915
14613866
620915
3745490
620915
620915
620915
14613866
14613866
620915
14613866
620915
3745490
14613866
14613866
620915
14613866
620915
14613866
14613866
3745490
3745490
14613866
620915
3745490
620915
14613866
620915
3745490
620915
1947421
14613866
14613866
86486605
14613866
14613866
14613866
620915
14613866
1947421
14613866
14613866
14613866
14613866
620915
3745490
3745490
620915
620915
3745490
14613866
3745490
620915
178546110
620915
14613866
620915
620915
620915
23925175
14613866
3745490
14613866
620915
14613866
14613866
14613866
620915
620915
620915
14613866
71549390
620915
620915
620915
32796156
3745490
14613866
620915
620915
620915
14613866
620915
14613866
202303667
620915
3745490
29044262
620915
14613866
14613866
14613866
14613866
620915
620915
14613866
620915
620915
620915
14613866
14613866
14613866
620915
620915
97751843
14613866
14613866
620915
14613866
620915
14613866
14613866
14613866
3745490
3745490
8969696
620915
14613866
14613866
14613866
620915
620915
3745490
32796156
3745490
620915
620915
14613866
14613866
620915
14613866
14613866
14613866
14613866
620915
620915
32796156
620915
53909342
3745490
620915
620915
620915
620915
620915
14613866
14613866
620915
3745490
257312357
3745490
14613866
14613866
14613866
14613866
14613866
14613866
1947421
14613866
620915
1947421
14613866
14613866
620915
14613866
620915
620915
14613866
53909342
14613866
14613866
14613866
3745490
620915
620915
57704713
14613866
3745490
14613866
620915
14613866
3745490
620915
14613866
620915
620915
14613866
620915
620915
53909342
14613866
620915
14613866
32796156
14613866
14613866
3745490
14613866
14613866
14613866
620915
14613866
620915
620915
620915
14613866
620915
14613866
14613866
14613866
14613866
620915
14613866
620915
14613866
14613866
620915
3745490
14613866
14613866
14613866
14613866
14613866
620915
14613866
620915
14613866
620915
14613866
620915
14613866
620915
14613866
620915
3745490
14613866
620915
3745490
14613866
3745490
620915
1947421
8971865
14613866
620915
3745490
3745490
14613866
14613866
3745490
202303667
620915
412308419
620915
3745490
337668067
14613866
14613866
14613866
2141189
14613866
620915
38124459
14613866
14613866
14613866
620915
14613866
620915
14613866
14613866
14613866
14613866
29044262
620915
3745490
3745490
14613866
14613866
620915
1947421
14613866
1947421
620915
71549390
14613866
620915
620915
14613866
14613866
620915
14613866
620915
14613866
3745490
53909342
3745490
32796156
14613866
3476345
620915
14613866
14613866
620915
1947421
620915
14613866
620915
14613866
14613866
3745490
620915
14613866
32796156
3745490
620915
14613866
14613866
620915
3476345
620915
620915
14613866
14613866
620915
14613866
53909342
14613866
14613866
1947421
5426210
14613866
14613866
14613866
97751843
14613866
14613866
620915
53909342
3745490
14613866
14613866
620915
14613866
3745490
14613866
14613866
14613866
3745490
14613866
14613866
14613866
620915
87771711
3745490
14613866
14613866
620915
620915
620915
14613866
202303667
620915
14613866
620915
14613866
449778323
14613866
14613866
14613866
620915
620915
620915
14613866
620915
3745490
14613866
14613866
14613866
620915
14613866
3745490
14613866
14613866
14613866
356420900
29044262
14613866
14613866
3745490
14613866
14613866
14613866
620915
14613866
620915
3745490
620915
620915
3745490
1947421
620915
14613866
620915
3745490
3745490
14613866
3745490
2141189
3745490
14613866
620915
620915
620915
620915
620915
620915
14613866
14613866
620915
620915
620915
620915
3745490
620915
14613866
620915
14613866
14613866
14613866
14613866
3745490
3745490
1947421
29044262
14613866
8971865
14613866
620915
14613866
14613866
620915
17903884
14613866
620915
14613866
620915
14613866
14613866
620915
14613866
53909342
18019377
620915
14613866
14613866
86486605
14613866
620915
620915
620915
14613866
14613866
14613866
14613866
14613866
14613866
14613866
620915
14613866
620915
3745490
14613866
620915
14613866
620915
14613866
3745490
620915
620915
14613866
620915
14613866
71549390
14613866
14613866
3745490
3745490
620915
2141189
14613866
14613866
3745490
14613866
620915
14613866
620915
7005960
620915
620915
620915
620915
14613866
14613866
14613866
620915
14613866
14613866
14613866
620915
3745490
620915
14613866
620915
620915
620915
620915
620915
14613866
14613866
14613866
57704713
14613866
620915
620915
3745490
620915
620915
3745490
14613866
14613866
1947421
14613866
620915
620915
304083331
57704713
14613866
14613866
14613866
14613866
620915
620915
14613866
14613866
5426210
29044262
620915
53909342
620915
14613866
3745490
14613866
32796156
620915
53909342
14613866
620915
620915
3745490
2141189
14613866
14613866
620915
620915
620915
620915
3745490
620915
14613866
620915
14613866
14613866
14613866
620915
14613866
620915
14613866
3476345
620915
3745490
135630343
3745490
14613866
620915
14613866
3745490
14613866
14613866
620915
14613866
620915
3745490
620915
620915
620915
620915
1947421
620915
14613866
620915
1947421
51693481
29044262
14613866
14613866
257312357
1947421
14613866
620915
14613866
14613866
14613866
620915
37683312
14613866
14613866
620915
14613866
3745490
620915
14613866
14613866
3745490
620915
3745490
14613866
620915
71549390
14613866
14613866
14613866
3745490
14613866
620915
16644297
14613866
620915
14613866
620915
14613866
620915
3745490
14613866
3745490
14613866
3745490
3745490
620915
14613866
3745490
53909342
620915
620915
620915
620915
14613866
14613866
620915
14613866
620915
620915
620915
97751843
620915
620915
620915
14613866
620915
14613866
14613866
620915
620915
620915
3745490
620915
14613866
620915
620915
14613866
3745490
1947421
620915
620915
14613866
14613866
620915
620915
3745490
620915
14613866
14613866
57704713
620915
142138456
29044262
14613866
620915
620915
14613866
620915
14613866
14613866
14613866
29044262
620915
620915
14613866
620915
1947421
14613866
14613866
620915
71549390
29044262
620915
620915
14613866
14613866
32796156
32796156
620915
620915
620915
14613866
14613866
14613866
620915
14613866
620915
14613866
14613866
620915
14613866
14613866
3745490
620915
53909342
14613866
620915
620915
1947421
5426210
32796156
620915
620915
14613866
3745490
620915
620915
53909342
14613866
620915
620915
14613866
14613866
14613866
16644297
14613866
620915
620915
620915
620915
14613866
32796156
3745490
53909342
620915
14613866
14613866
620915
14613866
14613866
14613866
14613866
14613866
14613866
14613866
620915
14613866
1947421
14613866
14613866
620915
14613866
14613866
53909342
620915
14613866
620915
14613866
620915
620915
14613866
14613866
14613866
620915
14613866
14613866
14613866
620915
620915
14613866
620915
32796156
620915
620915
3745490
620915
3745490
14613866
620915
620915
620915
620915
620915
620915
620915
620915
3745490
14613866
620915
3745490
3745490
14613866
620915
620915
620915
620915
29044262
14613866
620915
620915
14613866
14613866
14613866
