18646952
13396947
233358393
6981202
13396947
6981202
6981202
6981202
178684869
465609724
18646952
6981202
31538191
2007650
13396947
31538191
190447696
6981202
465609724
18646952
351738704
18646952
8045750
18646952
351738704
13396947
13396947
8045750
6981202
58993131
6981202
6981202
31538191
6981202
18646952
409642999
329991451
6981202
6981202
48921796
18646952
18646952
6981202
6981202
181283978
225821032
18646952
256992798
6981202
20445963
465609724
18646952
6981202
6981202
18646952
23261405
6981202
6981202
6981202
68555052
6981202
6981202
18646952
465609724
6981202
13396947
6981202
444378153
262584929
6981202
6981202
61418744
6981202
13396947
6981202
6981202
8045750
18646952
25759744
465609724
18646952
279033511
6981202
18646952
18646952
386297535
8045750
465609724
6981202
6981202
18646952
6981202
6981202
152903970
18646952
67406255
6981202
18646952
119720574
6981202
51950784
189345640
6981202
6981202
18646952
38279607
189345640
198346539
13396947
6981202
6981202
6981202
18646952
6981202
18646952
18646952
18646952
256992798
50072768
6981202
6981202
441996590
272028686
6981202
185923654
6981202
18646952
8045750
6981202
6981202
13396947
230656396
13396947
6981202
18646952
6981202
6981202
6981202
6981202
8967170
328079186
6981202
6981202
49669741
6981202
6981202
465609724
465609724
198346539
399509857
465609724
345374775
6981202
31538191
68555052
13396947
270193011
8045750
18646952
6981202
31538191
8045750
6981202
6981202
13396947
18646952
127516288
465609724
6981202
8045750
43521250
31538191
18646952
6981202
6981202
13396947
2007650
465609724
6981202
217487289
31538191
188199930
18646952
6981202
18646952
273801885
18646952
13396947
333657213
6981202
6981202
44118337
6981202
6981202
31538191
50072768
55504412
8045750
6981202
465609724
6981202
323510025
18646952
256992798
31538191
416252425
6981202
31538191
183043355
465609724
18646952
191219
6981202
84845044
18646952
18646952
6981202
223870753
31538191
31538191
6981202
18646952
465609724
465609724
31538191
6981202
6981202
18646952
6981202
6981202
6981202
6981202
31538191
256992798
18646952
6981202
6981202
6981202
465609724
6981202
465609724
6981202
13396947
6981202
18646952
110625384
31538191
6981202
6981202
6981202
6981202
28932698
465609724
13396947
18646952
6981202
69150877
6981202
13396947
6981202
6981202
6981202
55504412
18646952
2007650
465609724
67406255
274666711
232000297
379918264
6981202
115612690
6981202
465609724
465609724
18646952
6981202
6981202
8045750
6981202
35528995
31538191
18646952
45961731
18646952
465609724
18646952
47494188
465609724
58993131
18646952
43521250
465609724
75994261
18646952
6981202
47494188
465609724
185923654
58691804
38279607
31538191
18646952
465609724
6981202
13396947
154847341
223870753
6981202
6981202
6981202
6981202
6981202
6981202
409642999
13396947
6981202
395632538
365683361
6981202
48921796
465609724
465609724
8045750
192385502
6981202
6981202
18646952
465609724
13396947
465609724
169555977
13396947
6981202
18646952
306827679
6981202
6981202
6981202
303310209
365843862
6981202
6981202
6981202
6981202
2007650
31538191
6981202
446972994
18646952
465609724
8045750
6981202
6981202
6981202
6981202
6981202
6981202
6981202
6981202
18646952
303310209
6981202
6981202
18646952
18646952
18646952
341594483
18646952
129351055
6981202
13396947
13396947
351738704
18646952
18646952
18646952
279033511
217487289
6981202
6981202
13396947
6981202
51950784
18646952
465609724
18646952
48921796
191219
45919513
18646952
6981202
6981202
6981202
18646952
13396947
6981202
6981202
378855674
465609724
6981202
38936535
6981202
6981202
38392411
6981202
465609724
31538191
2007650
6981202
18646952
6981202
18646952
6981202
6981202
8045750
6981202
23261405
465609724
18646952
6981202
13396947
13396947
18646952
6981202
6981202
6981202
18646952
13396947
6981202
110588392
38392411
18646952
6981202
465609724
6981202
13396947
336146414
323510025
192551387
31538191
18646952
6981202
6981202
18646952
18646952
465609724
6981202
6981202
465609724
6981202
6981202
13396947
6981202
6981202
18646952
13396947
6981202
235387320
465609724
18646952
302439449
31538191
6981202
13396947
8045750
18646952
6981202
6981202
47494188
270193011
6981202
18646952
13396947
6981202
6981202
24292449
24839356
6981202
18646952
6981202
6981202
18646952
6981202
38279607
6981202
6981202
192551387
51950784
18646952
444378153
13396947
182570860
307596051
465609724
18646952
6981202
18646952
386297535
6981202
6981202
28932698
256274143
13396947
198346539
13396947
18646952
341509104
465609724
31538191
18646952
406126154
6981202
6981202
6981202
75994261
227450809
6981202
18646952
48921796
6981202
6981202
8045750
6981202
13396947
6981202
31538191
465609724
18646952
465609724
51355981
275091197
6981202
6981202
198346539
18646952
6981202
6981202
18646952
63896875
38936535
6981202
6981202
31538191
6981202
6981202
6981202
18646952
18646952
6981202
18646952
13396947
31538191
6981202
6981202
6981202
51950784
31538191
6981202
91886425
465609724
312117388
24292449
441808715
110588392
13396947
13396947
75994261
13396947
106301341
6981202
18646952
18646952
465609724
6981202
166004389
6981202
13396947
18646952
13396947
149682101
192793250
465609724
18646952
31538191
6981202
6981202
6981202
6981202
343761186
6981202
6981202
181283978
51950784
20445963
6981202
6981202
336146414
188199930
6981202
80128626
6981202
465609724
18646952
18646952
465609724
18646952
6981202
6981202
232144686
192551387
18646952
358450814
6981202
6981202
13396947
18646952
6981202
18646952
465609724
6981202
13396947
18646952
20445963
13396947
8045750
89615576
6981202
6981202
18646952
6981202
84845044
6981202
6981202
6981202
6981202
274666711
129351055
18646952
6981202
13396947
188199930
18646952
175736262
341509104
6981202
6981202
18646952
306827679
465609724
180211316
13396947
6981202
6981202
55504412
465609724
13396947
106301341
18646952
336895342
6981202
6981202
465609724
18646952
390136260
182570860
18646952
6981202
18646952
6981202
6981202
169555977
6981202
6981202
6981202
98421459
465609724
6981202
18646952
18646952
390684087
31538191
98421459
18646952
6981202
6981202
394769382
192551387
6981202
18646952
465609724
31538191
13396947
13396947
444589921
6981202
208938328
8045750
18646952
465609724
13396947
18646952
150192104
47494188
416252425
6981202
6981202
6981202
18646952
55685361
18646952
68555052
6981202
20445963
249440212
48921796
6981202
465609724
6981202
6981202
101144225
202101751
6981202
6981202
6981202
18646952
6981202
6981202
6981202
6981202
18646952
6981202
279033511
419970635
18646952
6981202
18646952
336146414
125561162
18646952
6981202
449733101
8045750
343761186
465609724
18646952
6981202
18646952
18646952
18646952
18646952
6981202
465609724
13396947
47494188
116408944
6981202
18646952
6981202
6981202
6981202
18646952
6981202
192551387
6981202
13396947
315663155
465609724
18646952
18646952
312409790
167314325
465609724
185923654
18646952
395768462
232144686
419970635
18646952
18646952
18646952
18646952
6981202
6981202
6981202
128751950
38936535
6981202
38936535
38392411
6981202
18646952
6981202
6981202
6981202
18646952
18646952
6981202
233358393
6981202
31538191
351738704
212469964
342246289
31538191
6981202
13396947
6981202
38392411
6981202
6981202
465609724
20445963
31538191
6981202
58691804
8967170
465609724
18646952
18646952
18646952
6981202
341594483
6981202
6981202
13396947
13396947
13396947
6981202
18646952
43521250
6981202
18646952
13396947
2007650
6981202
6981202
6981202
18646952
50072768
409642999
13396947
55685361
6981202
38392411
6981202
307596051
6981202
18646952
38392411
6981202
227450809
6981202
6981202
18646952
381403369
13396947
18646952
6981202
8045750
396998551
6981202
6981202
88622912
18646952
279033511
285505572
465609724
6981202
114187068
6981202
6981202
6981202
31538191
6981202
13396947
18646952
13396947
297725363
6981202
304011254
465609724
398850710
8045750
273801885
13396947
18646952
18646952
6981202
18646952
6981202
6981202
6981202
6981202
465609724
18646952
435042959
6981202
6981202
6981202
6981202
8045750
6981202
8045750
6981202
6981202
18646952
20445963
6981202
177428401
6981202
18646952
127516288
6981202
13396947
13396947
31538191
6981202
6981202
256274143
18646952
6981202
328079186
31538191
6981202
84589253
23261405
465609724
6981202
188199930
2007650
6981202
6981202
13396947
465609724
6981202
38392411
6981202
185444922
465609724
6981202
6981202
6981202
18646952
18646952
13396947
465609724
8045750
13396947
6981202
188199930
18646952
6981202
190447696
18646952
118239227
6981202
13396947
248679723
6981202
6981202
18646952
6981202
101144225
6981202
8045750
18646952
24292449
204580641
6981202
18646952
18646952
48921796
38279607
50072768
235387320
6981202
223870753
243897544
6981202
6981202
58691804
18646952
6981202
6981202
18646952
47494188
13396947
8045750
6981202
18646952
6981202
18646952
6981202
31538191
18646952
18646952
31538191
18646952
18646952
