444 443 1000
537143342 992587917 143579547 494424730 533477418 787704357 537436888 849711087 344150854 709904784 959984791 97751843 813449135 381731486 577554493 382188645 339783980 18019377 852700331 147323981 962830464 324978833 417980410 848316724 776287236 399191735 410072594 947618595 20505650 165125071 702472437 345284320 465043721 332612944 313560498 661513095 185639903 257673517 620491561 53909342 620915 569992348 611593731 488360297 471532529 397630119 446206862 676384415 830983376 76933168 516160841 849446505 516213870 927668326 995029258 67506324 632251439 770860171 39618826 134486851 886946687 277678010 130822631 849228478 558138043 825412281 657019801 955550388 137126638 886832638 3745490 809460085 988943910 931390989 892011053 609436797 541947127 421377899 495417942 969470201 958165868 186158107 887155625 153184451 120846594 796396008 767976244 86486605 955384797 304083331 198632641 817007983 768481775 504600897 409386095 320770234 155350377 524182119 275575213 418816094 349768771 151192359 563434017 847028013 187829203 275810037 635617121 866699287 137290605 791000471 303548139 155311646 135630343 235498859 15634213 924504837 999542177 953636895 699810500 240375880 558338990 23879534 8971865 655880714 354538244 224689862 707575827 678888850 911649353 996642362 802755039 189716645 249201154 926602880 124699663 322693498 350979283 526261951 791969765 151391838 769456084 755103609 508450223 775537215 175321514 114182265 28977281 257312357 344519167 422887793 306116381 29044262 424435415 809988125 201882537 885038400 592597306 371281392 570194054 968317795 978055104 524360974 222983571 194208200 238602274 260155230 562377817 753212451 140487756 424879033 520880656 650990590 37683312 421111089 782381547 8969696 659475455 175973338 860874621 44779166 142138456 303187062 690857762 940699897 32796156 592901040 594185158 51353356 967690904 320142931 634913591 780080707 665787427 284210725 56503140 846601030 257600983 547672737 698482686 452366304 173150428 398631855 330968777 449778323 772722814 378914030 960258446 71549390 698557006 761287788 61206411 14613866 836126522 651806007 590738780 228482091 445396288 618539944 830964242 51693481 136766253 318067052 412308419 498052228 188444154 672052018 735249500 136058563 392805161 484063446 257296842 152288720 57704713 17910642 879158559 759679402 356237044 277354062 391683225 40423053 99697709 554974662 3476345 691024239 962323752 788359312 444061560 873682290 301489712 465125605 705531789 185647301 622220066 998346501 493853984 911400564 252753092 464959793 419265445 236336868 682689858 104592876 356433078 403791888 237234763 986944388 106353419 610970083 38124459 863407453 300706741 16644297 363291678 476761561 472445868 866995918 450523760 149257910 184107475 468986691 708607866 680709544 524332321 451211865 202303667 279881812 52677311 714563730 325823269 830250998 653186592 337668067 1947421 524391196 87771711 706079910 693413533 31291466 99653068 647449186 830674550 785553295 983659840 564112295 77239762 763879986 728599287 739891017 25995642 720496694 843578385 484638187 342750753 310548510 481891000 654348005 95040032 186611478 616675245 959226659 132805084 7005960 279179984 526397593 896973948 40435493 694420509 916334300 420070024 493062773 796451941 637982981 256219130 398762421 565853708 104211743 849243931 969172746 537844407 659273504 23925175 536354774 534322672 787746526 597752400 877460093 984643584 85160965 300529180 266822691 521322012 285747738 586957258 759254278 297445955 101386919 162879795 303937290 712056245 998326328 51655480 128964701 327781242 356420900 479176672 111823349 797062614 601613238 87390662 507653635 740639130 657666340 605572973 887902909 5426210 271238079 835379124 629638997 262474363 892218370 178546110 481575021 237342203 893914911 851204862 2141189 917114703 84197338 738011606 889987317 801297229 703721980 239749395 675723684 819411687 797972468 331227127 480219778 617754999 497741938 341330080 338850689 686515520 789288205 168328406 17903884 734487208 986054398 896170832 333384192 376056783 385837782 501775633 885447459 168376791 115931826 991056544 923558727 323352283 358022888 29377231 460521680 292471850 532353788 310700190 685804575 884377291 257497731 409072286 961177860 717437720 224009927 506156083 400869209 527675963 438032588 185220127 678870152 755851370 372858134 88148127 965923022 339507939 748778832
444 212
172 197
212 150
405 345
212 250
314 263
32 201
212 13
208 440
354 376
334 92
212 231
213 148
441 44
352 212
366 43
58 205
69 172
272 281
408 326
212 273
305 212
216 354
346 90
380 212
153 31
293 406
299 212
358 218
260 54
280 400
19 228
212 385
80 221
217 304
169 212
287 212
252 212
75 416
2 213
212 107
212 241
212 142
212 84
192 369
28 278
421 212
212 219
328 185
439 212
79 212
183 327
212 83
215 60
29 290
372 212
173 101
432 149
68 182
134 269
212 402
130 434
356 212
218 139
12 215
181 28
277 212
125 212
181 284
294 212
138 143
265 212
417 24
34 423
310 212
260 208
398 212
103 212
293 312
47 212
155 437
28 185
38 289
212 70
37 286
295 187
314 73
212 198
334 268
337 212
212 96
212 196
31 276
427 90
73 377
212 57
254 234
200 212
288 212
157 71
212 30
200 412
100 80
212 188
37 212
179 40
18 121
407 224
376 433
154 245
306 155
212 275
212 64
212 168
202 207
290 212
297 212
152 170
164 26
170 210
397 281
212 315
424 374
212 319
78 212
212 65
255 302
52 212
212 120
140 212
131 401
212 317
212 411
135 212
122 212
22 285
212 193
212 214
106 69
53 212
204 123
235 212
223 189
124 308
212 131
212 322
404 33
212 164
312 410
212 396
279 221
204 43
24 212
429 374
212 63
237 212
5 28
419 212
262 20
97 190
48 435
355 247
114 195
353 266
174 212
245 67
441 151
408 272
377 232
211 212
108 212
212 46
152 228
32 378
298 212
23 18
137 134
233 95
425 220
212 59
165 192
14 341
406 50
270 212
114 212
212 316
288 186
367 364
153 224
212 431
212 163
226 212
212 166
87 319
255 102
94 346
251 223
212 347
59 386
212 222
136 178
49 145
212 55
191 215
212 204
212 426
21 321
35 212
265 242
384 212
277 274
212 116
139 128
212 415
194 212
58 212
212 343
33 440
105 19
212 430
212 361
27 345
212 86
428 89
227 339
212 17
414 212
95 296
336 259
249 41
397 353
264 438
212 66
51 151
301 53
333 391
355 212
190 256
387 41
389 285
212 283
206 212
7 243
25 212
395 212
212 162
48 159
158 212
12 213
351 110
82 159
212 56
422 318
212 4
3 388
291 331
233 429
144 23
390 41
170 118
199 312
27 136
362 377
7 279
418 212
77 212
102 212
109 212
3 212
148 359
254 212
212 248
18 97
216 220
88 74
313 212
212 62
212 149
365 258
212 416
289 121
171 360
171 67
407 34
14 350
93 212
442 50
394 440
326 45
132 290
178 369
212 267
223 99
106 40
236 72
333 246
376 232
325 143
340 166
171 296
6 367
61 321
393 424
377 409
22 258
261 373
212 133
332 128
8 68
212 238
251 50
126 377
390 236
11 110
223 154
101 268
212 117
191 115
212 303
85 443
435 176
212 357
98 57
225 212
160 54
212 147
325 199
124 119
387 353
366 105
230 364
91 212
375 212
338 212
160 137
331 264
10 368
104 172
271 212
349 212
263 185
425 339
397 129
239 212
134 324
212 42
304 389
304 246
89 351
167 435
292 94
182 190
427 393
212 344
379 212
300 135
327 365
259 167
212 309
229 290
177 212
230 280
405 40
157 413
212 244
212 1
175 212
295 318
212 420
15 72
8 381
212 330
383 212
348 212
342 212
291 311
378 339
392 148
203 42
403 212
212 81
387 382
187 358
356 16
311 391
212 49
146 212
296 371
212 282
333 113
212 119
404 11
336 422
15 76
118 332
261 155
45 341
350 321
165 82
212 329
212 180
437 215
421 307
6 183
212 443
34 441
39 212
392 284
97 323
212 399
212 320
88 400
335 212
212 257
184 227
253 82
138 44
112 212
240 212
262 71
212 434
212 156
212 9
20 38
157 351
212 36
100 201
92 370
436 212
15 243
74 197
212 161
368 141
368 212
127 212
370 373
438 134
212 207
111 212
292 101
332 363
319 209
8 21
Q 266 332
Q 35 187
Q 220 307
Q 36 39
Q 41 341
Q 110 26
Q 439 328
Q 265 370
Q 102 49
Q 381 116
Q 8 57
Q 10 340
Q 70 307
Q 326 301
Q 85 331
Q 266 334
Q 441 179
Q 14 214
Q 290 383
Q 140 400
Q 132 365
Q 244 142
Q 244 51
Q 40 433
Q 53 31
Q 176 442
Q 393 43
Q 231 117
Q 346 343
Q 261 266
Q 183 107
Q 217 178
Q 408 98
Q 350 129
Q 148 241
Q 145 344
Q 409 248
Q 432 19
Q 344 13
Q 192 309
Q 387 434
Q 119 18
Q 170 13
Q 421 171
Q 431 12
Q 199 308
Q 50 182
Q 371 192
Q 340 75
Q 12 198
Q 35 351
Q 18 159
Q 395 282
Q 98 146
Q 244 104
Q 256 108
Q 109 253
Q 142 129
Q 107 381
Q 205 27
Q 227 434
Q 199 249
Q 260 290
Q 26 367
Q 355 263
Q 160 155
Q 158 9
Q 248 110
Q 295 58
Q 90 201
Q 85 348
Q 200 82
Q 65 53
Q 420 381
Q 272 71
Q 104 137
Q 36 55
Q 55 146
Q 322 332
Q 134 326
Q 319 92
Q 312 14
Q 347 163
Q 202 28
Q 246 118
Q 146 197
Q 181 335
Q 233 151
Q 130 371
Q 228 256
Q 434 130
Q 345 73
Q 253 183
Q 326 63
Q 125 184
Q 423 270
Q 112 104
Q 400 226
Q 252 283
Q 243 157
Q 433 146
Q 311 394
Q 379 353
Q 244 161
Q 222 188
Q 352 408
Q 36 6
Q 238 375
Q 327 104
Q 251 103
Q 167 399
Q 254 311
Q 24 389
Q 54 75
Q 348 277
Q 242 95
Q 324 386
Q 344 280
Q 402 386
Q 414 229
Q 74 301
Q 2 124
Q 203 257
Q 351 127
Q 53 5
Q 359 293
Q 398 293
Q 239 8
Q 150 114
Q 32 432
Q 371 216
Q 120 436
Q 310 139
Q 438 416
Q 386 122
Q 7 77
Q 101 273
Q 295 117
Q 135 101
Q 371 313
Q 420 294
Q 132 187
Q 398 390
Q 415 172
Q 29 374
Q 40 367
Q 348 141
Q 143 352
Q 15 46
Q 253 132
Q 254 20
Q 246 421
Q 397 185
Q 186 246
Q 24 45
Q 375 17
Q 340 251
Q 113 45
Q 293 338
Q 122 269
Q 242 148
Q 144 30
Q 292 264
Q 241 295
Q 328 205
Q 6 96
Q 279 114
Q 25 21
Q 138 357
Q 306 22
Q 286 51
Q 183 225
Q 226 26
Q 269 362
Q 396 65
Q 23 261
Q 408 305
Q 275 225
Q 4 299
Q 213 303
Q 231 193
Q 366 236
Q 168 131
Q 193 418
Q 262 258
Q 289 6
Q 269 200
Q 199 106
Q 8 246
Q 111 232
Q 30 89
Q 194 216
Q 382 141
Q 441 218
Q 378 276
Q 250 234
Q 158 107
Q 364 106
Q 358 412
Q 260 399
Q 282 252
Q 60 269
Q 107 239
Q 201 224
Q 411 440
Q 159 254
Q 291 361
Q 158 114
Q 364 370
Q 422 8
Q 266 241
Q 325 321
Q 153 235
Q 21 308
Q 133 298
Q 121 110
Q 138 405
Q 8 381
Q 358 28
Q 337 74
Q 130 72
Q 232 195
Q 215 97
Q 408 182
Q 267 217
Q 14 402
Q 356 75
Q 62 354
Q 320 85
Q 416 369
Q 330 348
Q 201 287
Q 279 324
Q 146 28
Q 192 434
Q 113 413
Q 221 170
Q 312 426
Q 282 221
Q 376 148
Q 37 381
Q 207 355
Q 334 402
Q 173 401
Q 249 442
Q 84 164
Q 361 409
Q 428 180
Q 365 311
Q 233 118
Q 129 106
Q 327 19
Q 360 144
Q 1 271
Q 273 310
Q 416 78
Q 164 88
Q 414 51
Q 393 313
Q 192 248
Q 210 189
Q 330 213
Q 152 325
Q 244 230
Q 355 269
Q 307 128
Q 87 143
Q 48 51
Q 261 12
Q 379 384
Q 317 399
Q 423 372
Q 107 399
Q 220 431
Q 254 13
Q 415 192
Q 244 267
Q 68 241
Q 405 71
Q 208 176
Q 423 58
Q 259 66
Q 202 277
Q 202 316
Q 154 255
Q 5 187
Q 182 432
Q 429 377
Q 294 8
Q 154 84
Q 245 383
Q 252 24
Q 226 443
Q 143 123
Q 285 335
Q 1 206
Q 43 344
Q 357 212
Q 31 70
Q 147 243
Q 220 223
Q 386 276
Q 369 264
Q 71 157
Q 328 65
Q 280 251
Q 20 362
Q 24 346
Q 84 268
Q 37 142
Q 348 146
Q 297 220
Q 97 176
Q 2 284
Q 356 190
Q 122 319
Q 93 58
Q 358 42
Q 343 102
Q 316 343
Q 368 432
Q 138 427
Q 175 335
Q 213 323
Q 143 155
Q 418 161
Q 66 228
Q 314 228
Q 175 210
Q 186 279
Q 308 370
Q 117 19
Q 422 89
Q 54 372
Q 10 212
Q 299 308
Q 21 133
Q 245 299
Q 263 56
Q 268 245
Q 270 315
Q 350 123
Q 225 418
Q 140 143
Q 142 172
Q 435 97
Q 406 258
Q 39 174
Q 97 261
Q 339 355
Q 145 11
Q 12 18
Q 414 171
Q 136 217
Q 228 255
Q 12 238
Q 194 3
Q 220 189
Q 219 330
Q 320 248
Q 121 375
Q 283 37
Q 439 367
Q 285 308
Q 75 306
Q 436 315
Q 181 93
Q 74 15
Q 95 444
Q 174 343
Q 251 45
Q 235 290
Q 421 84
Q 384 415
Q 208 403
Q 425 379
Q 222 63
Q 2 231
Q 56 411
Q 186 226
Q 376 71
Q 436 326
Q 238 365
Q 384 163
Q 411 57
Q 89 434
Q 372 91
Q 429 22
Q 98 105
Q 303 95
Q 29 25
Q 237 278
Q 58 140
Q 184 55
Q 145 396
Q 201 388
Q 439 389
Q 92 205
Q 68 275
Q 398 259
Q 116 32
Q 315 190
Q 383 422
Q 38 435
Q 376 365
Q 325 406
Q 123 26
Q 134 250
Q 444 80
Q 273 262
Q 280 341
Q 186 241
Q 16 82
Q 353 105
Q 6 260
Q 104 279
Q 223 296
Q 44 134
Q 396 61
Q 101 346
Q 135 338
Q 396 88
Q 186 195
Q 389 386
Q 324 252
Q 393 349
Q 269 413
Q 75 39
Q 267 316
Q 207 150
Q 166 376
Q 147 299
Q 90 55
Q 372 319
Q 383 234
Q 17 411
Q 343 103
Q 311 366
Q 306 142
Q 190 375
Q 129 86
Q 282 351
Q 197 368
Q 424 277
Q 441 292
Q 267 291
Q 410 236
Q 92 125
Q 157 391
Q 209 226
Q 48 101
Q 42 220
Q 125 417
Q 29 299
Q 50 140
Q 166 174
Q 319 268
Q 69 130
Q 23 43
Q 259 179
Q 387 332
Q 171 425
Q 26 127
Q 227 243
Q 5 264
Q 283 297
Q 114 146
Q 63 371
Q 153 223
Q 259 354
Q 1 273
Q 88 306
Q 186 366
Q 226 122
Q 38 351
Q 99 256
Q 364 4
Q 184 60
Q 381 275
Q 359 142
Q 149 304
Q 342 356
Q 154 83
Q 243 191
Q 408 31
Q 423 121
Q 379 352
Q 257 209
Q 80 74
Q 168 317
Q 324 405
Q 53 304
Q 277 11
Q 191 224
Q 241 375
Q 365 329
Q 208 247
Q 58 200
Q 213 155
Q 226 133
Q 444 244
Q 169 67
Q 358 106
Q 25 381
Q 106 206
Q 413 226
Q 244 216
Q 113 133
Q 252 129
Q 81 444
Q 343 124
Q 329 250
Q 18 111
Q 286 175
Q 19 35
Q 318 207
Q 317 245
Q 259 210
Q 240 144
Q 384 202
Q 166 29
Q 108 268
Q 296 35
Q 428 50
Q 208 164
Q 280 389
Q 52 51
Q 57 82
Q 331 276
Q 257 206
Q 204 43
Q 86 203
Q 330 313
Q 22 10
Q 376 96
Q 218 360
Q 403 90
Q 363 344
Q 145 233
Q 98 68
Q 219 87
Q 198 273
Q 183 361
Q 245 57
Q 320 112
Q 8 219
Q 24 416
Q 81 3
Q 96 195
Q 327 364
Q 6 228
Q 70 250
Q 119 214
Q 350 174
Q 225 140
Q 205 11
Q 109 332
Q 51 356
Q 29 298
Q 310 393
Q 289 48
Q 57 328
Q 344 92
Q 160 144
Q 378 407
Q 70 7
Q 107 384
Q 424 48
Q 230 350
Q 381 159
Q 357 3
Q 421 121
Q 330 386
Q 174 323
Q 361 431
Q 385 354
Q 68 220
Q 140 406
Q 12 111
Q 362 177
Q 381 232
Q 259 337
Q 186 160
Q 71 354
Q 100 55
Q 274 181
Q 185 395
Q 18 271
Q 424 335
Q 141 26
Q 367 296
Q 1 75
Q 422 65
Q 162 405
Q 135 379
Q 333 45
Q 8 291
Q 442 44
Q 404 43
Q 104 385
Q 418 123
Q 391 198
Q 165 191
Q 16 25
Q 421 77
Q 5 132
Q 406 171
Q 169 400
Q 307 370
Q 257 168
Q 257 115
Q 77 352
Q 316 212
Q 84 441
Q 134 315
Q 82 311
Q 121 256
Q 369 425
Q 113 107
Q 237 105
Q 104 365
Q 4 404
Q 374 274
Q 16 73
Q 422 72
Q 13 229
Q 195 240
Q 283 435
Q 88 211
Q 70 428
Q 226 395
Q 347 122
Q 12 309
Q 159 430
Q 424 438
Q 321 291
Q 150 89
Q 84 224
Q 239 125
Q 361 151
Q 193 69
Q 412 341
Q 374 222
Q 33 441
Q 200 140
Q 203 7
Q 113 380
Q 400 89
Q 13 105
Q 64 198
Q 49 326
Q 398 321
Q 17 155
Q 386 269
Q 218 166
Q 88 300
Q 230 129
Q 107 217
Q 278 124
Q 108 10
Q 159 251
Q 358 322
Q 224 297
Q 421 126
Q 325 340
Q 253 60
Q 270 47
Q 318 212
Q 316 394
Q 288 80
Q 226 418
Q 54 200
Q 275 40
Q 43 243
Q 282 182
Q 28 170
Q 258 214
Q 25 44
Q 314 438
Q 267 99
Q 168 34
Q 378 102
Q 74 411
Q 202 347
Q 212 172
Q 2 67
Q 102 209
Q 243 262
Q 54 276
Q 43 387
Q 135 306
Q 123 359
Q 82 321
Q 111 295
Q 315 320
Q 410 100
Q 65 167
Q 116 312
Q 243 356
Q 427 346
Q 90 233
Q 342 147
Q 103 145
Q 157 46
Q 336 49
Q 246 215
Q 311 279
Q 444 434
Q 166 142
Q 59 375
Q 136 204
Q 141 410
Q 88 435
Q 259 44
Q 421 192
Q 23 104
Q 402 247
Q 100 92
Q 392 270
Q 295 260
Q 313 48
Q 280 90
Q 373 98
Q 21 344
Q 386 298
Q 205 208
Q 210 240
Q 93 306
Q 64 199
Q 407 421
Q 8 73
Q 350 419
Q 370 193
Q 167 132
Q 266 279
Q 53 35
Q 308 52
Q 241 84
Q 251 102
Q 125 288
Q 113 406
Q 19 444
Q 115 243
Q 152 376
Q 190 275
Q 438 113
Q 195 381
Q 246 372
Q 65 407
Q 4 188
Q 384 23
Q 214 111
Q 398 33
Q 371 192
Q 84 204
Q 295 263
Q 324 38
Q 343 328
Q 339 242
Q 375 12
Q 101 368
Q 423 32
Q 126 17
Q 79 395
Q 100 222
Q 429 199
Q 7 263
Q 152 172
Q 303 166
Q 351 403
Q 213 284
Q 143 306
Q 317 206
Q 213 140
Q 47 29
Q 443 13
Q 403 352
Q 352 215
Q 215 173
Q 163 120
Q 175 40
Q 323 279
Q 198 19
Q 127 281
Q 339 177
Q 225 136
Q 421 231
Q 375 190
Q 164 425
Q 281 177
Q 348 340
Q 54 378
Q 33 258
Q 195 383
Q 174 149
Q 62 212
Q 129 365
Q 175 234
Q 67 57
Q 382 144
Q 168 361
Q 442 77
Q 238 165
Q 348 378
Q 313 167
Q 378 297
Q 82 144
Q 356 177
Q 144 283
Q 317 147
Q 269 353
Q 124 272
Q 331 32
Q 380 307
Q 337 23
Q 104 27
Q 272 199
Q 374 329
Q 31 252
Q 201 412
Q 77 422
Q 368 86
Q 72 150
Q 120 56
Q 221 144
Q 392 351
Q 293 415
Q 181 94
Q 374 37
Q 283 143
Q 391 72
Q 388 319
Q 317 34
Q 361 303
Q 352 43
Q 202 407
Q 409 87
Q 62 95
Q 272 135
Q 407 81
Q 120 398
Q 102 441
Q 346 387
Q 254 183
Q 36 272
Q 373 44
Q 15 18
Q 108 424
Q 202 48
Q 52 231
Q 292 347
Q 338 148
Q 436 281
Q 287 306
Q 240 202
Q 111 327
Q 278 154
Q 175 115
Q 5 392
Q 6 105
Q 247 270
Q 443 429
Q 306 387
Q 112 366
Q 232 304
Q 255 120
Q 317 369
Q 244 114
Q 413 204
Q 310 31
Q 15 26
Q 109 106
Q 325 275
Q 390 325
Q 295 62
Q 55 431
Q 375 392
Q 110 438
Q 128 204
Q 296 160
Q 245 16
Q 113 231
Q 355 443
Q 409 392
Q 433 185
Q 146 393
Q 364 292
Q 164 173
Q 42 270
Q 398 436
Q 87 294
Q 107 245
Q 302 152
Q 424 435
Q 432 207
Q 168 413
Q 222 406
Q 93 106
Q 4 174
Q 18 36
Q 259 95
Q 192 264
Q 347 186
Q 143 147
Q 176 390
Q 233 407
Q 375 330
Q 154 339
Q 397 328
Q 22 427
Q 149 299
Q 417 23
Q 265 155
Q 249 41
Q 118 157
Q 235 270
Q 17 296
Q 113 371
Q 131 222
Q 127 74
Q 439 1
Q 353 18
Q 414 379
Q 362 117
Q 284 119
Q 72 96
Q 191 327
Q 145 231
Q 362 268
Q 38 208
Q 345 88
Q 247 115
Q 358 116
Q 313 200
Q 156 191
Q 194 440
Q 63 308
Q 98 195
Q 344 22
Q 131 283
Q 96 235
Q 403 372
Q 231 126
Q 88 130
Q 410 12
Q 93 175
Q 319 398
Q 7 282
Q 16 438
Q 146 258
Q 160 170
Q 374 22
Q 37 439
Q 356 359
Q 347 43
Q 228 223
Q 268 415
Q 105 158
Q 418 150
Q 267 159
Q 440 312
Q 98 275
Q 137 234
Q 277 52
Q 6 390
Q 401 171
Q 93 415
Q 276 10
Q 80 261
Q 251 135
Q 67 98
Q 23 226
Q 187 7
Q 326 86
Q 177 212
Q 34 411
Q 230 284
Q 99 403
Q 417 429
Q 261 137
Q 429 46
Q 24 34
Q 92 315
Q 1 281
Q 316 208
Q 406 291
Q 266 347
Q 40 272
Q 319 78
Q 183 224
Q 418 138
Q 334 198
Q 100 204
Q 170 228
Q 146 157
Q 255 67
Q 80 316
Q 248 327
Q 380 188
