9854
7224 3003
3003 3960
3960 4937
4937 7867
7867 2247
2247 2087
2087 4151
4151 2216
2216 6607
6607 5018
5018 6397
6397 2308
2308 5238
5238 5206
5206 6856
6856 4574
4574 8766
8766 5782
5782 7755
7755 966
966 4968
4968 3294
3294 7985
7985 1762
1762 38
38 5048
5048 6069
6069 3768
3768 1035
1035 7003
7003 6701
6701 7984
7984 7817
7817 2602
2602 9025
9025 1834
1834 5735
5735 2446
2446 8718
8718 9267
9267 3482
3482 772
772 431
431 795
795 5794
5794 8111
8111 3197
3197 4133
4133 1879
1879 6064
6064 7050
7050 9031
9031 446
446 5897
5897 71
71 5858
5858 4440
4440 2575
2575 1862
1862 1539
1539 4453
4453 8198
8198 8659
8659 4846
4846 8557
8557 3333
3333 7264
7264 9265
9265 3563
3563 2099
2099 8599
8599 7143
7143 5594
5594 4677
4677 4303
4303 1158
1158 4895
4895 6978
6978 3357
3357 5196
5196 5778
5778 3090
3090 658
658 7986
7986 8238
8238 4130
4130 946
946 6426
6426 306
306 585
585 9494
9494 2693
2693 651
651 1576
1576 7998
7998 811
811 9654
9654 8288
8288 7696
7696 4422
4422 1586
1586 1403
1403 5344
5344 6089
6089 9435
9435 7943
7943 3127
3127 7961
7961 8387
8387 5959
5959 9565
9565 7162
7162 1616
1616 1405
1405 8828
8828 3439
3439 9541
9541 1142
1142 3888
3888 2632
2632 4842
4842 1092
1092 7968
7968 3125
3125 4913
4913 2103
2103 6377
6377 4856
4856 2926
2926 629
629 2506
2506 1557
1557 7415
7415 6734
6734 8736
8736 7901
7901 3606
3606 3366
3366 5162
5162 2387
2387 853
853 5484
5484 8556
8556 5175
5175 8289
8289 6730
6730 7502
7502 3984
3984 6378
6378 9209
9209 8414
8414 8416
8416 6232
6232 8365
8365 9345
9345 918
918 9120
9120 583
583 5099
5099 8759
8759 7117
7117 8306
8306 3979
3979 4353
4353 4876
4876 8059
8059 458
458 6181
6181 9570
9570 6266
6266 8155
8155 3860
3860 5103
5103 3618
3618 3597
3597 8607
8607 4297
4297 3406
3406 6517
6517 8045
8045 9668
9668 7713
7713 7799
7799 2796
2796 3095
3095 4552
4552 1449
1449 4897
4897 5349
5349 7949
7949 1105
1105 9051
9051 7214
7214 1799
1799 2999
2999 2989
2989 3052
3052 6566
6566 715
715 3351
3351 3638
3638 7815
7815 3070
3070 5124
5124 5400
5400 1726
1726 1758
1758 3373
3373 9618
9618 9342
9342 5924
5924 1244
1244 4640
4640 3952
3952 1757
1757 9770
9770 1997
1997 891
891 4840
4840 442
442 8371
8371 5261
5261 848
848 6117
6117 8821
8821 2418
2418 7844
7844 1381
1381 2209
2209 1183
1183 6363
6363 4867
4867 4248
4248 4961
4961 7991
7991 2587
2587 2356
2356 4546
4546 484
484 8280
8280 310
310 9111
9111 3181
3181 5630
5630 6194
6194 4520
4520 7629
7629 9351
9351 7271
7271 1246
1246 7703
7703 7189
7189 39
39 9768
9768 2513
2513 941
941 1469
1469 7287
7287 5142
5142 9821
9821 2147
2147 5062
5062 3230
3230 1328
1328 1853
1853 2997
2997 15
15 1501
1501 1392
1392 7751
7751 2372
2372 7413
7413 724
724 1519
1519 4549
4549 4242
4242 7230
7230 5639
5639 1477
1477 1734
1734 4348
4348 351
351 7740
7740 865
865 4780
4780 2911
2911 2950
2950 6732
6732 7923
7923 1073
1073 4670
4670 8051
8051 6854
6854 7707
7707 2843
2843 2178
2178 6197
6197 5390
5390 3573
3573 7231
7231 9102
9102 6524
6524 5079
5079 3964
3964 3020
3020 7715
7715 4534
4534 2987
2987 1459
1459 8135
8135 3572
3572 1630
1630 5869
5869 8486
8486 640
640 6461
6461 761
761 9064
9064 4886
4886 6012
6012 985
985 3836
3836 2188
2188 5749
5749 3887
3887 3426
3426 9517
9517 988
988 3163
3163 2141
2141 4800
4800 4853
4853 934
934 7127
7127 4905
4905 7119
7119 8533
8533 899
899 6941
6941 858
858 3063
3063 7216
7216 9454
9454 3637
3637 9281
9281 4057
4057 4427
4427 4525
4525 4959
4959 4679
4679 1750
1750 1496
1496 1219
1219 1859
1859 8868
8868 2142
2142 6710
6710 7464
7464 2251
2251 3981
3981 905
905 7184
7184 6611
6611 6608
6608 4223
4223 2642
2642 8455
8455 7852
7852 9223
9223 750
750 4807
4807 6937
6937 1063
1063 8355
8355 678
678 7993
7993 1255
1255 3019
3019 674
674 591
591 2606
2606 7318
7318 4200
4200 3530
3530 9210
9210 88
88 5386
5386 7803
7803 2944
2944 4697
4697 2623
2623 5771
5771 631
631 2380
2380 9481
9481 8934
8934 6962
6962 7796
7796 5857
5857 7046
7046 5494
5494 4013
4013 2122
2122 9717
9717 4781
4781 4441
4441 8263
8263 8829
8829 5029
5029 6968
6968 2177
2177 4131
4131 3918
3918 2270
2270 3103
3103 36
36 2471
2471 6719
6719 3871
3871 9146
9146 646
646 4039
4039 8792
8792 3318
3318 9324
9324 9750
9750 4456
4456 3433
3433 6465
6465 3430
3430 7647
7647 1752
1752 9088
9088 426
426 6475
6475 3790
3790 2802
2802 5011
5011 200
200 1822
1822 8756
8756 6847
6847 1414
1414 3734
3734 5127
5127 3932
3932 3331
3331 8737
8737 3882
3882 3242
3242 3645
3645 6939
6939 2213
2213 2914
2914 6586
6586 2865
2865 9592
9592 4299
4299 7128
7128 2589
2589 1990
1990 7084
7084 4816
4816 3308
3308 9591
9591 6785
6785 9612
9612 575
575 7942
7942 5043
5043 5453
5453 5273
5273 6716
6716 8065
8065 8572
8572 2371
2371 3995
3995 3527
3527 8333
8333 4636
4636 9226
9226 3803
3803 9626
9626 371
371 5795
5795 5784
5784 8034
8034 9544
9544 5744
5744 2012
2012 2095
2095 3282
3282 6756
6756 9321
9321 7652
7652 421
421 6835
6835 4671
4671 5119
5119 7660
7660 2079
2079 3876
3876 9398
9398 8686
8686 6733
6733 447
447 2442
2442 2047
2047 919
919 4845
4845 29
29 2951
2951 2272
2272 2196
2196 4267
4267 3656
3656 7240
7240 2125
2125 7319
7319 3120
3120 9083
9083 8074
8074 1987
1987 3083
3083 5567
5567 8169
8169 6749
6749 3423
3423 8236
8236 1014
1014 3591
3591 3313
3313 6250
6250 202
202 8751
8751 2787
2787 9556
9556 5087
5087 7123
7123 9492
9492 5741
5741 6406
6406 7569
7569 7241
7241 7887
7887 825
825 5236
5236 3959
3959 2929
2929 6533
6533 455
455 7963
7963 8360
8360 3729
3729 8521
8521 1672
1672 1490
1490 8463
8463 7584
7584 419
419 736
736 7704
7704 677
677 7416
7416 5173
5173 2801
2801 4487
4487 3716
3716 5322
5322 4315
4315 2605
2605 2635
2635 6576
6576 8776
8776 5916
5916 4136
4136 4912
4912 209
209 5007
5007 5327
5327 4706
4706 9393
9393 9735
9735 4963
4963 6290
6290 6268
6268 2456
2456 5274
5274 7864
7864 8621
8621 4265
4265 4108
4108 547
547 315
315 2133
2133 1558
1558 1330
1330 9381
9381 8941
8941 7625
7625 340
340 469
469 2574
2574 8779
8779 1341
1341 5770
5770 272
272 9188
9188 9401
9401 4873
4873 4523
4523 2348
2348 7955
7955 274
274 8608
8608 8302
8302 5762
5762 5973
5973 810
810 6292
6292 6925
6925 192
192 7190
7190 5167
5167 8840
8840 1008
1008 8782
8782 5538
5538 8104
8104 8820
8820 9008
9008 6231
6231 7515
7515 5893
5893 8147
8147 952
952 3147
3147 1096
1096 6083
6083 3810
3810 8907
8907 8906
8906 7522
7522 7520
7520 6176
6176 9479
9479 5840
5840 2068
2068 1712
1712 4397
4397 2778
2778 7223
7223 3496
3496 7579
7579 5534
5534 3605
3605 8627
8627 1257
1257 53
53 406
406 3443
3443 4656
4656 5258
5258 1818
1818 4884
4884 6086
6086 3570
3570 2130
2130 5172
5172 5605
5605 2704
2704 6414
6414 3155
3155 7156
7156 7744
7744 556
556 380
380 7671
7671 5074
5074 9279
9279 3386
3386 9742
9742 179
179 7819
7819 5408
5408 4175
4175 7340
7340 9817
9817 6341
6341 6883
6883 7576
7576 9715
9715 2135
2135 535
535 6838
6838 3365
3365 6184
6184 5047
5047 8796
8796 6045
6045 6903
6903 2785
2785 3724
3724 9729
9729 703
703 2146
2146 3470
3470 5168
5168 5718
5718 2167
2167 2203
2203 5821
5821 3499
3499 2373
2373 4822
4822 4203
4203 6672
6672 7354
7354 206
206 5895
5895 9027
9027 6145
6145 8405
8405 1333
1333 7733
7733 1243
1243 3996
3996 3747
3747 8688
8688 5572
5572 9508
9508 7674
7674 8309
8309 5810
5810 5088
5088 5694
5694 9453
9453 2607
2607 3929
3929 5275
5275 2781
2781 3324
3324 3303
3303 7345
7345 5669
5669 4948
4948 9669
9669 1089
1089 3813
3813 3610
3610 314
314 6884
6884 4047
4047 1793
1793 3461
3461 2226
2226 2641
2641 3413
3413 7333
7333 3715
3715 390
390 7554
7554 9718
9718 7827
7827 8637
8637 242
242 301
301 6152
6152 8982
8982 8681
8681 6703
6703 1484
1484 9407
9407 5398
5398 2979
2979 7266
7266 8465
8465 8882
8882 617
617 8161
8161 9412
9412 8582
8582 6585
6585 9688
9688 5870
5870 2075
2075 4638
4638 3256
3256 9384
9384 1204
1204 477
477 2762
2762 2660
2660 5793
5793 5073
5073 8505
8505 6118
6118 5178
5178 8726
8726 5068
5068 6624
6624 9813
9813 2571
2571 4531
4531 2617
2617 895
895 5335
5335 3751
3751 2546
2546 1651
1651 3916
3916 2640
2640 4164
4164 3730
3730 7518
7518 1582
1582 7806
7806 451
451 3144
3144 2399
2399 6543
6543 2712
2712 7138
7138 1545
1545 2721
2721 3109
3109 5553
5553 73
73 8006
8006 3667
3667 4583
4583 9212
9212 5781
5781 2907
2907 7764
7764 967
967 1390
1390 4943
4943 6068
6068 5217
5217 8393
8393 6643
6643 8945
8945 171
171 505
505 5447
5447 3143
3143 8115
8115 6619
6619 109
109 5713
5713 1888
1888 907
907 5889
5889 5965
5965 1832
1832 7149
7149 7571
7571 5496
5496 4997
4997 4071
4071 1549
1549 9832
9832 3192
3192 9811
9811 5136
5136 3445
3445 9587
9587 828
828 7460
7460 5930
5930 7539
7539 3390
3390 8613
8613 2299
2299 1836
1836 6662
6662 8244
8244 4477
4477 5502
5502 3682
3682 4568
4568 4989
4989 1530
1530 1427
1427 4940
4940 5131
5131 5774
5774 4056
4056 691
691 7298
7298 1952
1952 2507
2507 9640
9640 1636
1636 6926
6926 1332
1332 1850
1850 6267
6267 9191
9191 8101
8101 569
569 890
890 7108
7108 391
391 2172
2172 2953
2953 6258
6258 8349
8349 5962
5962 2258
2258 8054
8054 4232
4232 9034
9034 408
408 3988
3988 1796
1796 5769
5769 120
120 2794
2794 3775
3775 5433
5433 8050
8050 8700
8700 5833
5833 8117
8117 6661
6661 6210
6210 1595
1595 742
742 4374
4374 4977
4977 2850
2850 4156
4156 7258
7258 3323
3323 3601
3601 5878
5878 6686
6686 475
475 8680
8680 1680
1680 7577
7577 6863
6863 2624
2624 8676
8676 234
234 3657
3657 7512
7512 5016
5016 603
603 1377
1377 5060
5060 4544
4544 7259
7259 8971
8971 4042
4042 9755
9755 9810
9810 9553
9553 5362
5362 6587
6587 2612
2612 9663
9663 7921
7921 9013
9013 8275
8275 872
872 2353
2353 6504
6504 4561
4561 626
626 9130
9130 1516
1516 1281
1281 5672
5672 8118
8118 7452
7452 6417
6417 8939
8939 9208
9208 6855
6855 6288
6288 6223
6223 765
765 2977
2977 3305
3305 9543
9543 3596
3596 1890
1890 2585
2585 8007
8007 6678
6678 4871
4871 4497
4497 7890
7890 2124
2124 5616
5616 6126
6126 1331
1331 9726
9726 1460
1460 9641
9641 6076
6076 7478
7478 1173
1173 8801
8801 3998
3998 8817
8817 1865
1865 1925
1925 402
402 1275
1275 2382
2382 1382
1382 5409
5409 4988
4988 6221
6221 4324
4324 7767
7767 6411
6411 7933
7933 6269
6269 2643
2643 6693
6693 784
784 1269
1269 6646
6646 979
979 8705
8705 6074
6074 4582
4582 9409
9409 2005
2005 8265
8265 1494
1494 4389
4389 7655
7655 7095
7095 3558
3558 9545
9545 4332
4332 4403
4403 8666
8666 7737
7737 5034
5034 1286
1286 4424
4424 8340
8340 8027
8027 1453
1453 5948
5948 4540
4540 2397
2397 5982
5982 8423
8423 143
143 2020
2020 7101
7101 4378
4378 1406
1406 8614
8614 9379
9379 2695
2695 1867
1867 3973
3973 9691
9691 8768
8768 4460
4460 9582
9582 1996
1996 7077
7077 3541
3541 7417
7417 2421
2421 7673
7673 1638
1638 3900
3900 2577
2577 6963
6963 9286
9286 2427
2427 6409
6409 18
18 368
368 6592
6592 1923
1923 6772
6772 2774
2774 2317
2317 8253
8253 2314
2314 3961
3961 4461
4461 5031
5031 4128
4128 7115
7115 9679
9679 2242
2242 2411
2411 9531
9531 1198
1198 5736
5736 8992
8992 8087
8087 3862
3862 8629
8629 7958
7958 1733
1733 826
826 3459
3459 5871
5871 1319
1319 5078
5078 7535
7535 4530
4530 2271
2271 5617
5617 4626
4626 8901
8901 5301
5301 4458
4458 6009
6009 6575
6575 467
467 1141
1141 8388
8388 7304
7304 2445
2445 2461
2461 243
243 9660
9660 56
56 7094
7094 259
259 304
304 2322
2322 1126
1126 2206
2206 7611
7611 2568
2568 9039
9039 2200
2200 7289
7289 7142
7142 1190
1190 465
465 1211
1211 7782
7782 7623
7623 3494
3494 7591
7591 346
346 536
536 4896
4896 3480
3480 3866
3866 9366
9366 27
27 9402
9402 6887
6887 9106
9106 9761
9761 46
46 961
961 8205
8205 7706
7706 1773
1773 7267
7267 6690
6690 5792
5792 8278
8278 7153
7153 5765
5765 7000
7000 1374
1374 5772
5772 9791
9791 9386
9386 6954
6954 6628
6628 7150
7150 5888
5888 8849
8849 2969
2969 6790
6790 5925
5925 7869
7869 352
352 2649
2649 6569
6569 3285
3285 1992
1992 7773
7773 580
580 8224
8224 3451
3451 3584
3584 6165
6165 8038
8038 6644
6644 7257
7257 6113
6113 2036
2036 9427
9427 1766
1766 1948
1948 5926
5926 5653
5653 4343
4343 8456
8456 3118
3118 4607
4607 9023
9023 6616
6616 4848
4848 3774
3774 8795
8795 8546
8546 5475
5475 1939
1939 5026
5026 8002
8002 8874
8874 9149
9149 9154
9154 3569
3569 8928
8928 6141
6141 3976
3976 3874
3874 72
72 3469
3469 2888
2888 3880
3880 9436
9436 7444
7444 6276
6276 2696
2696 3454
3454 2684
2684 849
849 4062
4062 7808
7808 8842
8842 9397
9397 5364
5364 4470
4470 7505
7505 3435
3435 7068
7068 2091
2091 3427
3427 6305
6305 9099
9099 7076
7076 7391
7391 6820
6820 4882
4882 9204
9204 7708
7708 3414
3414 490
490 1871
1871 7979
7979 2180
2180 8322
8322 5487
5487 1896
1896 5328
5328 685
685 5550
5550 6125
6125 9092
9092 4889
4889 3265
3265 2057
2057 2025
2025 3838
3838 4086
4086 2160
2160 6618
6618 1419
1419 4982
4982 2276
2276 4618
4618 2848
2848 7035
7035 9829
9829 5300
5300 628
628 8008
8008 9422
9422 8254
8254 2994
2994 3593
3593 9629
9629 7275
7275 1868
1868 1207
1207 3896
3896 5514
5514 4687
4687 7969
7969 4266
4266 3722
3722 8020
8020 8851
8851 8991
8991 9579
9579 6511
6511 5164
5164 3743
3743 178
178 7406
7406 7578
7578 7388
7388 960
960 379
379 162
162 9797
9797 2859
2859 2773
2773 9703
9703 8559
8559 9037
9037 500
500 7883
7883 17
17 9446
9446 8946
8946 9452
9452 5122
5122 5537
5537 4535
4535 1580
1580 4085
4085 9251
9251 1091
1091 3233
3233 8981
8981 3060
3060 8031
8031 8784
8784 6760
6760 9317
9317 5232
5232 7527
7527 2055
2055 9183
9183 992
992 669
669 4861
4861 9739
9739 3551
3551 1292
1292 5503
5503 793
793 1820
1820 996
996 7911
7911 696
696 445
445 2561
2561 1647
1647 6547
6547 4040
4040 1790
1790 6170
6170 1760
1760 132
132 4950
4950 9362
9362 5193
5193 3917
3917 2897
2897 2428
2428 6740
6740 4498
4498 5824
5824 9674
9674 8467
8467 7242
7242 657
657 6166
6166 1415
1415 2279
2279 5246
5246 3346
3346 7698
7698 3658
3658 7206
7206 7075
7075 2521
2521 1279
1279 8647
8647 6077
6077 1783
1783 3828
3828 1213
1213 3777
3777 9242
9242 4675
4675 1170
1170 2117
2117 3909
3909 4954
4954 7816
7816 4730
4730 9458
9458 8273
8273 8972
8972 4418
4418 2734
2734 8475
8475 4613
4613 6447
6447 3970
3970 6359
6359 1223
1223 2339
2339 5436
5436 2403
2403 718
718 3096
3096 4207
4207 9141
9141 3076
3076 222
222 1843
1843 7745
7745 5046
5046 8758
8758 6736
6736 8483
8483 6277
6277 235
235 512
512 4380
4380 5850
5850 8730
8730 1473
1473 2749
2749 8357
8357 1288
1288 5983
5983 6799
6799 9796
9796 336
336 6304
6304 7874
7874 4191
4191 4043
4043 4240
4240 942
942 2698
2698 3407
3407 1039
1039 1895
1895 698
698 6722
6722 5000
5000 6702
6702 449
449 6435
6435 6970
6970 8267
8267 1743
1743 464
464 1376
1376 984
984 6405
6405 2799
2799 8374
8374 3933
3933 8704
8704 7813
7813 2960
2960 732
732 719
719 7964
7964 4030
4030 7889
7889 1713
1713 4615
4615 2928
2928 5311
5311 3533
3533 624
624 3141
3141 6641
6641 8598
8598 2001
2001 3136
3136 4502
4502 9075
9075 7831
7831 5268
5268 9822
9822 4953
4953 2420
2420 7665
7665 9689
9689 5638
5638 3600
3600 5415
5415 7752
7752 6473
6473 5527
5527 7389
7389 6287
6287 3440
3440 5750
5750 4177
4177 9158
9158 1741
1741 9066
9066 764
764 5080
5080 5245
5245 1118
1118 6851
6851 3643
3643 526
526 8126
8126 3940
3940 1723
1723 8619
8619 7585
7585 7016
7016 1241
1241 9174
9174 5581
5581 5859
5859 8345
8345 589
589 1300
1300 7692
7692 5734
5734 2388
2388 8200
8200 3727
3727 936
936 6485
6485 7774
7774 4059
4059 5545
5545 5704
5704 4597
4597 138
138 6306
6306 7765
7765 8470
8470 5324
5324 3186
3186 3371
3371 8481
8481 6419
6419 1201
1201 7134
7134 5625
5625 1227
1227 5912
5912 3856
3856 4569
4569 783
783 980
980 133
133 6557
6557 7648
7648 7555
7555 7158
7158 9045
9045 676
676 1437
1437 6928
6928 6995
6995 82
82 9244
9244 4936
4936 3648
3648 6143
6143 774
774 6073
6073 709
709 6031
6031 3617
3617 7067
7067 7204
7204 2689
2689 5156
5156 4225
4225 4513
4513 8561
8561 8303
8303 867
867 7845
7845 2302
2302 2328
2328 1446
1446 5702
5702 4105
4105 9763
9763 8503
8503 1098
1098 2173
2173 488
488 7274
7274 5141
5141 9519
9519 9318
9318 1224
1224 87
87 7471
7471 8994
8994 84
84 5511
5511 1009
1009 6506
6506 4356
4356 8760
8760 3980
3980 4448
4448 4382
4382 28
28 9477
9477 9400
9400 2666
2666 4850
4850 3008
3008 34
34 4947
4947 6564
6564 2863
2863 8270
8270 7788
7788 5691
5691 5748
5748 6665
6665 2236
2236 2266
2266 5623
5623 6159
6159 5968
5968 788
788 3247
3247 5155
5155 1846
1846 6451
6451 1131
1131 8924
8924 6075
6075 2965
2965 6632
6632 4925
4925 8879
8879 7272
7272 3982
3982 9135
9135 6133
6133 4080
4080 1849
1849 1033
1033 4778
4778 2991
2991 2842
2842 6815
6815 5053
5053 9073
9073 5203
5203 1541
1541 2834
2834 7379
7379 7680
7680 5661
5661 8440
8440 2027
2027 4966
4966 7705
7705 4428
4428 1988
1988 877
877 8239
8239 6908
6908 8285
8285 5801
5801 4112
4112 2747
2747 3548
3548 818
818 2034
2034 9152
9152 885
885 8281
8281 8166
8166 3191
3191 1831
1831 7007
7007 77
77 7176
7176 2090
2090 4693
4693 6615
6615 9052
9052 7605
7605 3794
3794 9000
9000 9287
9287 9534
9534 6987
6987 5716
5716 3893
3893 5621
5621 2731
2731 2917
2917 6180
6180 194
194 648
648 2767
2767 7501
7501 6787
6787 8060
8060 8297
8297 6207
6207 3196
3196 5237
5237 8330
8330 256
256 193
193 8576
8576 8080
8080 6936
6936 3718
3718 7834
7834 9468
9468 9077
9077 2992
2992 2139
2139 6360
6360 4451
4451 9751
9751 6648
6648 2362
2362 775
775 3089
3089 3561
3561 8347
8347 4795
4795 9472
9472 8925
8925 2168
2168 2092
2092 7997
7997 3608
3608 4777
4777 7594
7594 1551
1551 9219
9219 3064
3064 1318
1318 2898
2898 6282
6282 3963
3963 9485
9485 6107
6107 5180
5180 9795
9795 271
271 3894
3894 8529
8529 4507
4507 433
433 7899
7899 883
883 1087
1087 7484
7484 7311
7311 8665
8665 7197
7197 8615
8615 276
276 395
395 6626
6626 1163
1163 8422
8422 2976
2976 5938
5938 1306
1306 8558
8558 3166
3166 3903
3903 1448
1448 3269
3269 7353
7353 9448
9448 401
401 9406
9406 1045
1045 8136
8136 2559
2559 9781
9781 8957
8957 4029
4029 9595
9595 6272
6272 198
198 9330
9330 7580
7580 2825
2825 4849
4849 543
543 8673
8673 2066
2066 7064
7064 6382
6382 411
411 4829
4829 6595
6595 565
565 2746
2746 939
939 9119
9119 8918
8918 4616
4616 7129
7129 7860
7860 4163
4163 3397
3397 4051
4051 2063
2063 9786
9786 3567
3567 5214
5214 6091
6091 2243
2243 4691
4691 4682
4682 9815
9815 4785
4785 1267
1267 3795
3795 9464
9464 8124
8124 7137
7137 3611
3611 4496
4496 457
457 2674
2674 8980
8980 8577
8577 4076
4076 8157
8157 3501
3501 4893
4893 4585
4585 7136
7136 1475
1475 5549
5549 9413
9413 3478
3478 875
875 9240
9240 7548
7548 8810
8810 876
876 4280
4280 3456
3456 975
975 2614
2614 9189
9189 900
900 2768
2768 2594
2594 6529
6529 1659
1659 8644
8644 2347
2347 5323
5323 8276
8276 7818
7818 1962
1962 4721
4721 9344
9344 2495
2495 6087
6087 4398
4398 9041
9041 6668
6668 7477
7477 2477
2477 6048
6048 516
516 1086
1086 9830
9830 1299
1299 2913
2913 6949
6949 3432
3432 3872
3872 667
667 6892
6892 6340
6340 3735
3735 7970
7970 9532
9532 9656
9656 2204
2204 377
377 2844
2844 2993
2993 4032
4032 6153
6153 9845
9845 6652
6652 1421
1421 9230
9230 6234
6234 1180
1180 4462
4462 2395
2395 4319
4319 8013
8013 925
925 9123
9123 6327
6327 6589
6589 3107
3107 8873
8873 3422
3422 9605
9605 3473
3473 5649
5649 9501
9501 292
292 2408
2408 6053
6053 3315
3315 8742
8742 9298
9298 743
743 6509
6509 7213
7213 645
645 4518
4518 2164
2164 1697
1697 415
415 6580
6580 8430
8430 1906
1906 1566
1566 1258
1258 3536
3536 6857
6857 8727
8727 701
701 9818
9818 9122
9122 353
353 2810
2810 7603
7603 4
4 8685
8685 4655
4655 578
578 706
706 3689
3689 8145
8145 7934
7934 923
923 1804
1804 1979
1979 5978
5978 8025
8025 7443
7443 1450
1450 249
249 7723
7723 294
294 7155
7155 1004
1004 7646
7646 8808
8808 3538
3538 2677
2677 7653
7653 6434
6434 5846
5846 5686
5686 8086
8086 5460
5460 9179
9179 3082
3082 3133
3133 2514
2514 1798
1798 1017
1017 7056
7056 8369
8369 7951
7951 1715
1715 437
437 3006
3006 9205
9205 7229
7229 5292
5292 9395
9395 240
240 6534
6534 4238
4238 3171
3171 9853
9853 6404
6404 9308
9308 7664
7664 3628
3628 7442
7442 6839
6839 1049
1049 1466
1466 7495
7495 9850
9850 4872
4872 7759
7759 3770
3770 1839
1839 561
561 9137
9137 9514
9514 9676
9676 1370
1370 3852
3852 5644
5644 9675
9675 7553
7553 4592
4592 2560
2560 3954
3954 4914
4914 7756
7756 3001
3001 3075
3075 2647
2647 3220
3220 8069
8069 2264
2264 9049
9049 2357
2357 5437
5437 4761
4761 6842
6842 8831
8831 8720
8720 1629
1629 1856
1856 101
101 9722
9722 8618
8618 4399
4399 7381
7381 9060
9060 59
59 6183
6183 5946
5946 7498
7498 463
463 5703
5703 3339
3339 1593
1593 8542
8542 1527
1527 7152
7152 3378
3378 3652
3652 5150
5150 7408
7408 4469
4469 4786
4786 6092
6092 8358
8358 4746
4746 3641
3641 642
642 9716
9716 9220
9220 4362
4362 7015
7015 8172
8172 9692
9692 8462
8462 5163
5163 4584
4584 7483
7483 2410
2410 5712
5712 766
766 5069
5069 4514
4514 6779
6779 3194
3194 4141
4141 8233
8233 2152
2152 2686
2686 5419
5419 7848
7848 6691
6691 3958
3958 300
300 420
420 6195
6195 8457
8457 904
904 5395
5395 2151
2151 8209
8209 9292
9292 4144
4144 8889
8889 7450
7450 8952
8952 5687
5687 2082
2082 5108
5108 5529
5529 7133
7133 7888
7888 9720
9720 6840
6840 9070
9070 418
418 2793
2793 8502
8502 2158
2158 185
185 4210
4210 4933
4933 3814
3814 6237
6237 7202
7202 7066
7066 5552
5552 1123
1123 8090
8090 2102
2102 7051
7051 6984
6984 9310
9310 9247
9247 4826
4826 7896
7896 3084
3084 1621
1621 5706
5706 6550
6550 1943
1943 7277
7277 6354
6354 5143
5143 8800
8800 5441
5441 5763
5763 2972
2972 6638
6638 2880
2880 5875
5875 2511
2511 1942
1942 8122
8122 4814
4814 4600
4600 995
995 6130
6130 5759
5759 1572
1572 4979
4979 6476
6476 7086
7086 998
998 5935
5935 7071
7071 4558
4558 1808
1808 8749
8749 3185
3185 9355
9355 2017
2017 3615
3615 1729
1729 1837
1837 5117
5117 91
91 8579
8579 3078
3078 8040
8040 7280
7280 324
324 1179
1179 166
166 4545
4545 7630
7630 6349
6349 707
707 7524
7524 3182
3182 2215
2215 8067
8067 5533
5533 6909
6909 9754
9754 1097
1097 8633
8633 3375
3375 1537
1537 694
694 4142
4142 1944
1944 160
160 541
541 2061
2061 1285
1285 8023
8023 4287
4287 5188
5188 8703
8703 3906
3906 5634
5634 8793
8793 9621
9621 8461
8461 7052
7052 5740
5740 1036
1036 6310
6310 9416
9416 5592
5592 9613
9613 1254
1254 8852
8852 5310
5310 618
618 8594
8594 662
662 3602
3602 2254
2254 2436
2436 3877
3877 232
232 4235
4235 3978
3978 1802
1802 9696
9696 5185
5185 9684
9684 5267
5267 9630
9630 3639
3639 4529
4529 4835
4835 1708
1708 969
969 2742
2742 5006
5006 6399
6399 2620
2620 1410
1410 68
68 6899
6899 344
344 5732
5732 8448
8448 6022
6022 945
945 8848
8848 1547
1547 1955
1955 8019
8019 5388
5388 1394
1394 9665
9665 3277
3277 5438
5438 3035
3035 3607
3607 3713
3713 638
638 9266
9266 3399
3399 9343
9343 9104
9104 4023
4023 1620
1620 6006
6006 7972
7972 5072
5072 2908
2908 6782
6782 3231
3231 8803
8803 3476
3476 5679
5679 8279
8279 6413
6413 6548
6548 4166
4166 2378
2378 7082
7082 9259
9259 8921
8921 1284
1284 5216
5216 7572
7572 1736
1736 2537
2537 4763
4763 108
108 2377
2377 4226
4226 4182
4182 8028
8028 4735
4735 1775
1775 668
668 7235
7235 4994
4994 2655
2655 1116
1116 8434
8434 1556
1556 3271
3271 8908
8908 1648
1648 7779
7779 283
283 958
958 6905
6905 1231
1231 3621
3621 1623
1623 1978
1978 6225
6225 4333
4333 2634
2634 2190
2190 6873
6873 2009
2009 9465
9465 7328
7328 1134
1134 1794
1794 6637
6637 4503
4503 1687
1687 115
115 1474
1474 5944
5944 1064
1064 3104
3104 2985
2985 4152
4152 2931
2931 8640
8640 5929
5929 4841
4841 8191
8191 8734
8734 2924
2924 1342
1342 4425
4425 3048
3048 313
313 9235
9235 8634
8634 730
730 6919
6919 400
400 6997
6997 8667
8667 5787
5787 610
610 9437
9437 8699
8699 1111
1111 1600
1600 4956
4956 3244
3244 473
473 9748
9748 52
52 5491
5491 6038
6038 7144
7144 7656
7656 4694
4694 5106
5106 1661
1661 6389
6389 2078
2078 6364
6364 5104
5104 7568
7568 4614
4614 3808
3808 902
902 4665
4665 1574
1574 4813
4813 8581
8581 136
136 957
957 6033
6033 5466
5466 5659
5659 1143
1143 3067
3067 6431
6431 6696
6696 4632
4632 5312
5312 4499
4499 5485
5485 2803
2803 5521
5521 5251
5251 4995
4995 4719
4719 2448
2448 4189
4189 6297
6297 9295
9295 2567
2567 1633
1633 5783
5783 8654
8654 3769
3769 1863
1863 4060
4060 7976
7976 2031
2031 9354
9354 3214
3214 768
768 727
727 9833
9833 7722
7722 8428
8428 1166
1166 4803
4803 5302
5302 1205
1205 7314
7314 827
827 5161
5161 1980
1980 8884
8884 725
725 9276
9276 3936
3936 1536
1536 6347
6347 5019
5019 2320
2320 8853
8853 8143
8143 3850
3850 5682
5682 9784
9784 790
790 7610
7610 6081
6081 3034
3034 9515
9515 4061
4061 1940
1940 1707
1707 7862
7862 8648
8648 8936
8936 8319
8319 6609
6609 4827
4827 882
882 4556
4556 6836
6836 9467
9467 2595
2595 5637
5637 2873
2873 7365
7365 1256
1256 1963
1963 956
956 4715
4715 9169
9169 1375
1375 6682
6682 3359
3359 4481
4481 3335
3335 805
805 9432
9432 3189
3189 4836
4836 9474
9474 9651
9651 5054
5054 6758
6758 9775
9775 2710
2710 5862
5862 5250
5250 954
954 1535
1535 4765
4765 4701
4701 9488
9488 2383
2383 4219
4219 3685
3685 5464
5464 8250
8250 8774
8774 3031
3031 9253
9253 8508
8508 4408
4408 9367
9367 2566
2566 4180
4180 4384
4384 6110
6110 2283
2283 4783
4783 7581
7581 6253
6253 4005
4005 6420
6420 5813
5813 2032
2032 8605
8605 4445
4445 3881
3881 5481
5481 8063
8063 5805
5805 1585
1585 7697
7697 1626
1626 285
285 8646
8646 8305
8305 7620
7620 9224
9224 6598
6598 6910
6910 6357
6357 4486
4486 1951
1951 2324
2324 6239
6239 8026
8026 749
749 6010
6010 4118
4118 1225
1225 917
917 7549
7549 7988
7988 1247
1247 6278
6278 2145
2145 8606
8606 2590
2590 7877
7877 145
145 6599
6599 5646
5646 5728
5728 7441
7441 8460
8460 3781
3781 4864
4864 2549
2549 1386
1386 3599
3599 4202
4202 1861
1861 2460
2460 7465
7465 8857
8857 6
6 470
470 6361
6361 1393
1393 8
8 8791
8791 8071
8071 3614
3614 831
831 2702
2702 5896
5896 8823
8823 5758
5758 5819
5819 3312
3312 441
441 8706
8706 6675
6675 2608
2608 8832
8832 191
191 4049
4049 5600
5600 376
376 9272
9272 6275
6275 8144
8144 1797
1797 83
83 3341
3341 3883
3883 403
403 6120
6120 4139
4139 7541
7541 4567
4567 3491
3491 5717
5717 7676
7676 9040
9040 5844
5844 8715
8715 8894
8894 1671
1671 5984
5984 1571
1571 8137
8137 9112
9112 7859
7859 4271
4271 9496
9496 5508
5508 6735
6735 4048
4048 9738
9738 3837
3837 6982
6982 8710
8710 3603
3603 4000
4000 3677
3677 4431
4431 6588
6588 2509
2509 2051
2051 521
521 6054
6054 2709
2709 3993
3993 7329
7329 7530
7530 2500
2500 7494
7494 5224
5224 4629
4629 4770
4770 3236
3236 6442
6442 5448
5448 3807
3807 2263
2263 6330
6330 9607
9607 5510
5510 9851
9851 4106
4106 3137
3137 453
453 4221
4221 6800
6800 7031
7031 2150
2150 8708
8708 550
550 6071
6071 8081
8081 8000
8000 6112
6112 1499
1499 5081
5081 9306
9306 2688
2688 8970
8970 131
131 6105
6105 4037
4037 8818
8818 2235
2235 6613
6613 4253
4253 5977
5977 7909
7909 6657
6657 6474
6474 8146
8146 3363
3363 3653
3653 2555
2555 1031
1031 5954
5954 1751
1751 7270
7270 1056
1056 507
507 4798
4798 4341
4341 5015
5015 8282
8282 2683
2683 6798
6798 124
124 8395
8395 1560
1560 8148
8148 5806
5806 7283
7283 291
291 5816
5816 2644
2644 2290
2290 4577
4577 9511
9511 7421
7421 3904
3904 857
857 6015
6015 5906
5906 8083
8083 7793
7793 7645
7645 5667
5667 5044
5044 1114
1114 1786
1786 6248
6248 8342
8342 5370
5370 2662
2662 6260
6260 3823
3823 9033
9033 2249
2249 4911
4911 238
238 2179
2179 4357
4357 3556
3556 1366
1366 410
410 5544
5544 2315
2315 2830
2830 9048
9048 8965
8965 6100
6100 3521
3521 3170
3170 2556
2556 1982
1982 9044
9044 596
596 2920
2920 6319
6319 7724
7724 3330
3330 1260
1260 107
107 7760
7760 5248
5248 480
480 8029
8029 7894
7894 4609
4609 510
510 2245
2245 4415
4415 9762
9762 5526
5526 44
44 6808
6808 1702
1702 1417
1417 6528
6528 990
990 3942
3942 1810
1810 8534
8534 5151
5151 4269
4269 4069
4069 3908
3908 8632
8632 2737
2737 1663
1663 4673
4673 9090
9090 4506
4506 3193
3193 6101
6101 517
517 5690
5690 1587
1587 6284
6284 6410
6410 7798
7798 587
587 572
572 6286
6286 836
836 2782
2782 563
563 7662
7662 5760
5760 1631
1631 874
874 893
893 9001
9001 263
263 3190
3190 2280
2280 9390
9390 726
726 1032
1032 5566
5566 2775
2775 1919
1919 579
579 8417
8417 8497
8497 9523
9523 8424
8424 8078
8078 5082
5082 6348
6348 9371
9371 2065
2065 7181
7181 2479
2479 8030
8030 2015
2015 337
337 6211
6211 5710
5710 1451
1451 4794
4794 3488
3488 8139
8139 9596
9596 6699
6699 7087
7087 6832
6832 345
345 7400
7400 6285
6285 7510
7510 4809
4809 607
607 711
711 1926
1926 8344
8344 593
593 6797
6797 3361
3361 5643
5643 7048
7048 5720
5720 2663
2663 3594
3594 7058
7058 8108
8108 2018
2018 2394
2394 2861
2861 4217
4217 359
359 4920
4920 6874
6874 4754
4754 6121
6121 7658
7658 665
665 2038
2038 7093
7093 9134
9134 4630
4630 7546
7546 8202
8202 6802
6802 2462
2462 5215
5215 9245
9245 1779
1779 7565
7565 3879
3879 8056
8056 3396
3396 2516
2516 106
106 8569
8569 9530
9530 5920
5920 5004
5004 1753
1753 2415
2415 6322
6322 3337
3337 7317
7317 5707
5707 215
215 5868
5868 123
123 6224
6224 6019
6019 7953
7953 6008
6008 7757
7757 7130
7130 3832
3832 3664
3664 8332
8332 5887
5887 2316
2316 4124
4124 387
387 6992
6992 3326
3326 8082
8082 6214
6214 7690
7690 4058
4058 3800
3800 8070
8070 4218
4218 4727
4727 3018
3018 6222
6222 5640
5640 427
427 5061
5061 8274
8274 4519
4519 2557
2557 1359
1359 4596
4596 4143
4143 5431
5431 2334
2334 3592
3592 6300
6300 5351
5351 741
741 1700
1700 7873
7873 6374
6374 6252
6252 4323
4323 7916
7916 1028
1028 454
454 3957
3957 7608
7608 5422
5422 8109
8109 396
396 540
540 9231
9231 5746
5746 1464
1464 9127
9127 4831
4831 231
231 168
168 4114
4114 5628
5628 102
102 3280
3280 9408
9408 3286
3286 9136
9136 6279
6279 5636
5636 5856
5856 279
279 5950
5950 9309
9309 1181
1181 9585
9585 9417
9417 2814
2814 5384
5384 3899
3899 1989
1989 8927
8927 163
163 6137
6137 970
970 8096
8096 5449
5449 3626
3626 4342
4342 3217
3217 6718
6718 5380
5380 41
41 2636
2636 144
144 8690
8690 2570
2570 8336
8336 4902
4902 9697
9697 1361
1361 9260
9260 9475
9475 7588
7588 1034
1034 5852
5852 8482
8482 745
745 3267
3267 1212
1212 241
241 9705
9705 3513
3513 3539
3539 3711
3711 5290
5290 8984
8984 3368
3368 577
577 776
776 1746
1746 8923
8923 7695
7695 3784
3784 2120
2120 1612
1612 8373
8373 8527
8527 9664
9664 5790
5790 5668
5668 6705
6705 9609
9609 9457
9457 3292
3292 9799
9799 1739
1739 7741
7741 9249
9249 5218
5218 4360
4360 2588
2588 9732
9732 6050
6050 3249
3249 9128
9128 4081
4081 7861
7861 7940
7940 5660
5660 586
586 3134
3134 9338
9338 5652
5652 6784
6784 3698
3698 9497
9497 8526
8526 3419
3419 7351
7351 378
378 7750
7750 6890
6890 5576
5576 1107
1107 3327
3327 2207
2207 9301
9301 6432
6432 6658
6658 6171
6171 4855
4855 9462
9462 2296
2296 6016
6016 1565
1565 8913
8913 8346
8346 2293
2293 7187
7187 7821
7821 8657
8657 6561
6561 3693
3693 7971
7971 5922
5922 7096
7096 654
654 5953
5953 9658
9658 6466
6466 2496
2496 186
186 9029
9029 1399
1399 5609
5609 2811
2811 9057
9057 3301
3301 534
534 2593
2593 3545
3545 6692
6692 3681
3681 9734
9734 8752
8752 4821
4821 4564
4564 1239
1239 2833
2833 4147
4147 1934
1934 6388
6388 8181
8181 1277
1277 927
927 4216
4216 9637
9637 9100
9100 1531
1531 5235
5235 2450
2450 6208
6208 1520
1520 2304
2304 399
399 7159
7159 6917
6917 8178
8178 5952
5952 9107
9107 4354
4354 6066
6066 4028
4028 1169
1169 6289
6289 897
897 9743
9743 8912
8912 1083
1083 8725
8725 7099
7099 5186
5186 8642
8642 8412
8412 2502
2502 7618
7618 4880
4880 4978
4978 1941
1941 460
460 3174
3174 5797
5797 6942
6942 5577
5577 9707
9707 6351
6351 7012
7012 4524
4524 4504
4504 3663
3663 3416
3416 9808
9808 409
409 1594
1594 8553
8553 8222
8222 7777
7777 5847
5847 4772
4772 4692
4692 9021
9021 8652
8652 4888
4888 2659
2659 1497
1497 5480
5480 548
548 1228
1228 8575
8575 4401
4401 860
860 2988
2988 3819
3819 4396
4396 3225
3225 2375
2375 1869
1869 4295
4295 384
384 6366
6366 7010
7010 216
216 7146
7146 1159
1159 796
796 1985
1985 9671
9671 9442
9442 2286
2286 7669
7669 4336
4336 3859
3859 1440
1440 6768
6768 8839
8839 5961
5961 3731
3731 6594
6594 8131
8131 6129
6129 5457
5457 7372
7372 7330
7330 602
602 2024
2024 8364
8364 1579
1579 5743
5743 1598
1598 4825
4825 6498
6498 7294
7294 6833
6833 4024
4024 4345
4345 9294
9294 4881
4881 6635
6635 4639
4639 7663
7663 6302
6302 3529
3529 2846
2846 1550
1550 5346
5346 953
953 1953
1953 873
873 1717
1717 347
347 6757
6757 8325
8325 8816
8816 2127
2127 8687
8687 3749
3749 8826
8826 3485
3485 5580
5580 7770
7770 8072
8072 3786
3786 9115
9115 5764
5764 5465
5465 4254
4254 7878
7878 3466
3466 5077
5077 5383
5383 5937
5937 3845
3845 1656
1656 4684
4684 4054
4054 4756
4756 5788
5788 5190
5190 7299
7299 7098
7098 5915
5915 1567
1567 5564
5564 9315
9315 4689
4689 787
787 4463
4463 424
424 220
220 2493
2493 1054
1054 4435
4435 6572
6572 533
533 7054
7054 9597
9597 1754
1754 3490
3490 2855
2855 9773
9773 6781
6781 8484
8484 8838
8838 412
412 8212
8212 5020
5020 3239
3239 3811
3811 2579
2579 9823
9823 4554
4554 8728
8728 551
551 4298
4298 2259
2259 8767
8767 935
935 5584
5584 3640
3640 1100
1100 1101
1101 8664
8664 8626
8626 8446
8446 5085
5085 4698
4698 5293
5293 6046
6046 7100
7100 7912
7912 4938
4938 7556
7556 2959
2959 4093
4093 5568
5568 994
994 5881
5881 1268
1268 5809
5809 3766
3766 1191
1191 3660
3660 5355
5355 6042
6042 6450
6450 4737
4737 3066
3066 3071
3071 7194
7194 6424
6424 4598
4598 118
118 7387
7387 4762
4762 720
720 4537
4537 2658
2658 8859
8859 2852
2852 4172
4172 1122
1122 3009
3009 5942
5942 6876
6876 8869
8869 6568
6568 3511
3511 9562
9562 3754
3754 7748
7748 8920
8920 7306
7306 1615
1615 9598
9598 2354
2354 8435
8435 8989
8989 2112
2112 7307
7307 6706
6706 7644
7644 3296
3296 382
382 2998
2998 6132
6132 1461
1461 5009
5009 9486
9486 5941
5941 6979
6979 884
884 1635
1635 3939
3939 7924
7924 1928
1928 1975
1975 8341
8341 2115
2115 2535
2535 8900
8900 4823
4823 3512
3512 5056
5056 5397
5397 3532
3532 2217
2217 9788
9788 9187
9187 6254
6254 4928
4928 8168
8168 8805
8805 1540
1540 592
592 8312
8312 9089
9089 9307
9307 7996
7996 2310
2310 3668
3668 2417
2417 4847
4847 3252
3252 9841
9841 6542
6542 2374
2374 436
436 3334
3334 6804
6804 5563
5563 7842
7842 9014
9014 1704
1704 1435
1435 5132
5132 1352
1352 8578
8578 9177
9177 7080
7080 7339
7339 5253
5253 8453
8453 8870
8870 2046
2046 3854
3854 8765
8765 3167
3167 1071
1071 3276
3276 4505
4505 4622
4622 949
949 3757
3757 7368
7368 5742
5742 8570
8570 3901
3901 5582
5582 9239
9239 3793
3793 2904
2904 4138
4138 5641
5641 2487
2487 7063
7063 2211
2211 3229
3229 6312
6312 3834
3834 601
601 4733
4733 2238
2238 320
320 3336
3336 3272
3272 5413
5413 681
681 5619
5619 319
319 199
199 9364
9364 8772
8772 7753
7753 868
868 679
679 9800
9800 8248
8248 1503
1503 846
846 2881
2881 9693
9693 4160
4160 3788
3788 1568
1568 9359
9359 1875
1875 270
270 7810
7810 9007
9007 738
738 1554
1554 9103
9103 4444
4444 1188
1188 1487
1487 5918
5918 7659
7659 4231
4231 4797
4797 554
554 7445
7445 5611
5611 8684
8684 174
174 4282
4282 2402
2402 2212
2212 8242
8242 9608
9608 7601
7601 2906
2906 9313
9313 3975
3975 9035
9035 8206
8206 9303
9303 7561
7561 9635
9635 5681
5681 5040
5040 7480
7480 2974
2974 8919
8919 4663
4663 8966
8966 8707
8707 9199
9199 6539
6539 5389
5389 5996
5996 3400
3400 8420
8420 7790
7790 2337
2337 4088
4088 8778
8778 9721
9721 684
684 3321
3321 6759
6759 1681
1681 4578
4578 8671
8671 4865
4865 9473
9473 5988
5988 3634
3634 1675
1675 1892
1892 1699
1699 1311
1311 4833
4833 1613
1613 1738
1738 2136
2136 4236
4236 739
739 4874
4874 2059
2059 6439
6439 8066
8066 862
862 3148
3148 6437
6437 7112
7112 8284
8284 4346
4346 9503
9503 7701
7701 6151
6151 339
339 798
798 3820
3820 3578
3578 8747
8747 2630
2630 7825
7825 9333
9333 4053
4053 5473
5473 2525
2525 3288
3288 3425
3425 8286
8286 299
299 8076
8076 6339
6339 652
652 2454
2454 4111
4111 153
153 2488
2488 2363
2363 5424
5424 1401
1401 8511
8511 2081
2081 3560
3560 6295
6295 4263
4263 157
157 545
545 1526
1526 8568
8568 4517
4517 5548
5548 8442
8442 2550
2550 4233
4233 5179
5179 5170
5170 5160
5160 1803
1803 5289
5289 3108
3108 5904
5904 1824
1824 3417
3417 1544
1544 5154
5154 8474
8474 8156
8156 5247
5247 1148
1148 7780
7780 2939
2939 6371
6371 3394
3394 7613
7613 1138
1138 4734
4734 8855
8855 625
625 4611
4611 2828
2828 16
16 7396
7396 3884
3884 4957
4957 6049
6049 2866
2866 148
148 5462
5462 2558
2558 6334
6334 2789
2789 5854
5854 2851
2851 7850
7850 245
245 3772
3772 3208
3208 7171
7171 531
531 1553
1553 1185
1185 4367
4367 4857
4857 6468
6468 7125
7125 2474
2474 6893
6893 6729
6729 3910
3910 2937
2937 172
172 4510
4510 695
695 2288
2288 7614
7614 7902
7902 1756
1756 2945
2945 8077
8077 6801
6801 2941
2941 4229
4229 5648
5648 8193
8193 328
328 6256
6256 2919
2919 8223
8223 1901
1901 1472
1472 9011
9011 8359
8359 1611
1611 1668
1668 5297
5297 6315
6315 1664
1664 1781
1781 9274
9274 7820
7820 4365
4365 2016
2016 2755
2755 1480
1480 1866
1866 8176
8176 5507
5507 1426
1426 6358
6358 1481
1481 8757
8757 1322
1322 394
394 5745
5745 9171
9171 7587
7587 1051
1051 5199
5199 1918
1918 6259
6259 7746
7746 2718
2718 4485
4485 599
599 4717
4717 5036
5036 8093
8093 7683
7683 2680
2680 4443
4443 7399
7399 5830
5830 5445
5445 3598
3598 8585
8585 9091
9091 8406
8406 1791
1791 6502
6502 855
855 6415
6415 151
151 6795
6795 5721
5721 8249
8249 4447
4447 2973
2973 3540
3540 9555
9555 3135
3135 8539
8539 443
443 50
50 3131
3131 3261
3261 8885
8885 6000
6000 4710
4710 2915
2915 7420
7420 3586
3586 1688
1688 9024
9024 4563
4563 1897
1897 2758
2758 2780
2780 803
803 3635
3635 6041
6041 7476
7476 1088
1088 5134
5134 9561
9561 4193
4193 1085
1085 7954
7954 6727
6727 3354
3354 5989
5989 3650
3650 6720
6720 7459
7459 8603
8603 8504
8504 9840
9840 8714
8714 3792
3792 8427
8427 7787
7787 5474
5474 5450
5450 5516
5516 5775
5775 8609
8609 4161
4161 2220
2220 6274
6274 903
903 4951
4951 1013
1013 2184
2184 7481
7481 3712
3712 4863
4863 393
393 4192
4192 1860
1860 3809
3809 7024
7024 2422
2422 7057
7057 537
537 8283
8283 2562
2562 7906
7906 9337
9337 4932
4932 2760
2760 6914
6914 7290
7290 1398
1398 2672
2672 4703
4703 8036
8036 8863
8863 6445
6445 1203
1203 1248
1248 3740
3740 2616
2616 5429
5429 6748
6748 6559
6559 1507
1507 9711
9711 6245
6245 6998
6998 8517
8517 9642
9642 7836
7836 2333
2333 8488
8488 3875
3875 7085
7085 6440
6440 6621
6621 2876
2876 722
722 3547
3547 1720
1720 2722
2722 45
45 8858
8858 2603
2603 8844
8844 5606
5606 9258
9258 282
282 6428
6428 4900
4900 4196
4196 4022
4022 9271
9271 898
898 922
922 3928
3928 1081
1081 754
754 7898
7898 3360
3360 8811
8811 7897
7897 4101
4101 8389
8389 1409
1409 1355
1355 7301
7301 5934
5934 5914
5914 5956
5956 5137
5137 7828
7828 1336
1336 7382
7382 8695
8695 3753
3753 2241
2241 2983
2983 1813
1813 6379
6379 9455
9455 5330
5330 2037
2037 3822
3822 6900
6900 8385
8385 2052
2052 2629
2629 864
864 2085
2085 9195
9195 385
385 4999
4999 164
164 3649
3649 253
253 7385
7385 7341
7341 9806
9806 1937
1937 6164
6164 9678
9678 1698
1698 7519
7519 4892
4892 2529
2529 3719
3719 1677
1677 921
921 4276
4276 5536
5536 3398
3398 2884
2884 7980
7980 1927
1927 9516
9516 7236
7236 7766
7766 7882
7882 5872
5872 5834
5834 7423
7423 544
544 7533
7533 1961
1961 9126
9126 7624
7624 6864
6864 1632
1632 8813
8813 1634
1634 4416
4416 3544
3544 2815
2815 9662
9662 4404
4404 9290
9290 1957
1957 8682
8682 1747
1747 8454
8454 8037
8037 2451
2451 3756
3756 666
666 3268
3268 5360
5360 9681
9681 3987
3987 3694
3694 6391
6391 4993
4993 3212
3212 9082
9082 7822
7822 6911
6911 7853
7853 3204
3204 5442
5442 7637
7637 4501
4501 2527
2527 6725
6725 4806
4806 6192
6192 7699
7699 3377
3377 5530
5530 9572
9572 5042
5042 1172
1172 8039
8039 6959
6959 1436
1436 1176
1176 1649
1649 4162
4162 560
560 7072
7072 9838
9838 3945
3945 4657
4657 6660
6660 8528
8528 4169
4169 6603
6603 7679
7679 2277
2277 1053
1053 4801
4801 5326
5326 4971
4971 4402
4402 3402
3402 539
539 636
636 5008
5008 8011
8011 993
993 4859
4859 1491
1491 6975
6975 4776
4776 8260
8260 6018
6018 8600
8600 5972
5972 1145
1145 9182
9182 9151
9151 6401
6401 8641
8641 8769
8769 9456
9456 5907
5907 1770
1770 5255
5255 6921
6921 7800
7800 2921
2921 851
851 8672
8672 4017
4017 251
251 5817
5817 298
298 2434
2434 6307
6307 929
929 2645
2645 4035
4035 4328
4328 1833
1833 4906
4906 3525
3525 7060
7060 3907
3907 6365
6365 6761
6761 2391
2391 2175
2175 4589
4589 203
203 3801
3801 1424
1424 7288
7288 6318
6318 9445
9445 1367
1367 6818
6818 5505
5505 1694
1694 9341
9341 7438
7438 5964
5964 2144
2144 2631
2631 3865
3865 2764
2764 9368
9368 9463
9463 6386
6386 8562
8562 2039
2039 5213
5213 8391
8391 7429
7429 999
999 3725
3725 6967
6967 3387
3387 5814
5814 1121
1121 4104
4104 7265
7265 1935
1935 3651
3651 9147
9147 8301
8301 7763
7763 9046
9046 1103
1103 3409
3409 6957
6957 7237
7237 1343
1343 6879
6879 7401
7401 1728
1728 2470
2470 5402
5402 7982
7982 7332
7332 1388
1388 6072
6072 4165
4165 24
24 6882
6882 4860
4860 8098
8098 9155
9155 2361
2361 5067
5067 1216
1216 789
789 6965
6965 3851
3851 3352
3352 7395
7395 8187
8187 5025
5025 6527
6527 6021
6021 4478
4478 9028
9028 7721
7721 7430
7430 1349
1349 7394
7394 4775
4775 4852
4852 4771
4771 1932
1932 3549
3549 3187
3187 2894
2894 93
93 2943
2943 871
871 3966
3966 5478
5478 1434
1434 1438
1438 6993
6993 5894
5894 6385
6385 2569
2569 7186
7186 8490
8490 1321
1321 7078
7078 5153
5153 5023
5023 804
804 413
413 6755
6755 3169
3169 782
782 3842
3842 147
147 4980
4980 4302
4302 2301
2301 7352
7352 5701
5701 5314
5314 1194
1194 8452
8452 2134
2134 1792
1792 3260
3260 538
538 5075
5075 9804
9804 6065
6065 8622
8622 3199
3199 4869
4869 5272
5272 7041
7041 1914
1914 5842
5842 2925
2925 2942
2942 1365
1365 1517
1517 3760
3760 4426
4426 3559
3559 6966
6966 3825
3825 280
280 5368
5368 5166
5166 1222
1222 9745
9745 5845
5845 111
111 5270
5270 6370
6370 432
432 7829
7829 2221
2221 8887
8887 5539
5539 6513
6513 8896
8896 9712
9712 8589
8589 8401
8401 4526
4526 8611
8611 8261
8261 4132
4132 6867
6867 6584
6584 5476
5476 2957
2957 6094
6094 663
663 4935
4935 2739
2739 4878
4878 1429
1429 97
97 2404
2404 4392
4392 909
909 6098
6098 7907
7907 4370
4370 7470
7470 4660
4660 9779
9779 5171
5171 4918
4918 2231
2231 1270
1270 8670
8670 6328
6328 5583
5583 7504
7504 2118
2118 1001
1001 9816
9816 7710
7710 79
79 2113
2113 1826
1826 9074
9074 350
350 9476
9476 126
126 1678
1678 7543
7543 8418
8418 369
369 4098
4098 4787
4787 4001
4001 7360
7360 3797
3797 7336
7336 8660
8660 348
348 4003
4003 116
116 3051
3051 6659
6659 5241
5241 9162
9162 1346
1346 950
950 3382
3382 7251
7251 8294
8294 6689
6689 606
606 7033
7033 1748
1748 2508
2508 3310
3310 3275
3275 8836
8836 7308
7308 7725
7725 286
286 1160
1160 307
307 3160
3160 5187
5187 4548
4548 1354
1354 8856
8856 7735
7735 2104
2104 9758
9758 5234
5234 3631
3631 5939
5939 7377
7377 9480
9480 9578
9578 8237
8237 8464
8464 8310
8310 5455
5455 9161
9161 7253
7253 4981
4981 7404
7404 1193
1193 2519
2519 6296
6296 19
19 2013
2013 5467
5467 9447
9447 3468
3468 308
308 416
416 3665
3665 3021
3021 358
358 2002
2002 4420
4420 7573
7573 4851
4851 7593
7593 7720
7720 2468
2468 6577
6577 6924
6924 219
219 25
25 3576
3576 9710
9710 729
729 773
773 2681
2681 8583
8583 9218
9218 9701
9701 8468
8468 8175
8175 7278
7278 6711
6711 8574
8574 9757
9757 3481
3481 2284
2284 824
824 816
816 5598
5598 9443
9443 150
150 8631
8631 1662
1662 9620
9620 9026
9026 1455
1455 3447
3447 9129
9129 4818
4818 3444
3444 89
89 1884
1884 4366
4366 9661
9661 3487
3487 3287
3287 6236
6236 9058
9058 1920
1920 2860
2860 8822
8822 9166
9166 6583
6583 3211
3211 8041
8041 1917
1917 8449
8449 7609
7609 5633
5633 2673
2673 8591
8591 3253
3253 1139
1139 7025
7025 7043
7043 7854
7854 3383
3383 1119
1119 5430
5430 5159
5159 6301
6301 8552
8552 7426
7426 3632
3632 3139
3139 9108
9108 5165
5165 3919
3919 6423
6423 8563
8563 268
268 4922
4922 1379
1379 5811
5811 7114
7114 4454
4454 3565
3565 6488
6488 9263
9263 7166
7166 2839
2839 7640
7640 9350
9350 5837
5837 7285
7285 3585
3585 2106
2106 7097
7097 281
281 5427
5427 4423
4423 9142
9142 9666
9666 4077
4077 9071
9071 3785
3785 4536
4536 4650
4650 6200
6200 3392
3392 8777
8777 1625
1625 4789
4789 6545
6545 6519
6519 4317
4317 6750
6750 3517
3517 3257
3257 4490
4490 9357
9357 2465
2465 478
478 4939
4939 2208
2208 1812
1812 3471
3471 830
830 8492
8492 49
49 9250
9250 5665
5665 647
647 1774
1774 2573
2573 2996
2996 2817
2817 9706
9706 9567
9567 6623
6623 295
295 2155
2155 5799
5799 2532
2532 9003
9003 5804
5804 6185
6185 6507
6507 1011
1011 8304
8304 1887
1887 8057
8057 1471
1471 9746
9746 6754
6754 1210
1210 9076
9076 8933
8933 3787
3787 656
656 9019
9019 2819
2819 4286
4286 2864
2864 8415
8415 1151
1151 4921
4921 2896
2896 2552
2552 5786
5786 7957
7957 2323
2323 5729
5729 6780
6780 9549
9549 213
213 2267
2267 7547
7547 5921
5921 6056
6056 3758
3758 9719
9719 7801
7801 6226
6226 7702
7702 7042
7042 3302
3302 4279
4279 7362
7362 1431
1431 5111
5111 3068
3068 6373
6373 2975
2975 8937
8937 1763
1763 1234
1234 9777
9777 529
529 7776
7776 2938
2938 8983
8983 5671
5671 3761
3761 2553
2553 5791
5791 7160
7160 3647
3647 6961
6961 794
794 7055
7055 3705
3705 2905
2905 425
425 5766
5766 6080
6080 4603
4603 1314
1314 6243
6243 1296
1296 571
571 5181
5181 7908
7908 1215
1215 2128
2128 208
208 5853
5853 471
471 1344
1344 1922
1922 9528
9528 7485
7485 6061
6061 3816
3816 9713
9713 2946
2946 1263
1263 6490
6490 6430
6430 8241
8241 6193
6193 2522
2522 3571
3571 1371
1371 688
688 8753
8753 6149
6149 7203
7203 2232
2232 4870
4870 1764
1764 6786
6786 3697
3697 4145
4145 2735
2735 2648
2648 1788
1788 3356
3356 3583
3583 1665
1665 6593
6593 4290
4290 7009
7009 4619
4619 1003
1003 9537
9537 7028
7028 1221
1221 5158
5158 3759
3759 8328
8328 1439
1439 3723
3723 6458
6458 2857
2857 8421
8421 977
977 4927
4927 305
305 1825
1825 9339
9339 597
597 459
459 7151
7151 2708
2708 4027
4027 7195
7195 7783
7783 197
197 8291
8291 5911
5911 8298
8298 5490
5490 9444
9444 9096
9096 7163
7163 635
635 3342
3342 8225
8225 6988
6988 6508
6508 7590
7590 6139
6139 4659
4659 3016
3016 2325
2325 5435
5435 4678
4678 9229
9229 2413
2413 3858
3858 4066
4066 2779
2779 1130
1130 4006
4006 9650
9650 3690
3690 2225
2225 5678
5678 1844
1844 2101
2101 9385
9385 1828
1828 5831
5831 4277
4277 3944
3944 3053
3053 1958
1958 1061
1061 6454
6454 289
289 8721
8721 3073
3073 3213
3213 5035
5035 9086
9086 6189
6189 9176
9176 1504
1504 823
823 4475
4475 2252
2252 6345
6345 6960
6960 4016
4016 1470
1470 2199
2199 9145
9145 9560
9560 6246
6246 3263
3263 2341
2341 1340
1340 7962
7962 2107
2107 2467
2467 4181
4181 8433
8433 3116
3116 4157
4157 781
781 7296
7296 8643
8643 1339
1339 7728
7728 5612
5612 4055
4055 710
710 7338
7338 5109
5109 4270
4270 1022
1022 9606
9606 5098
5098 6985
6985 6342
6342 9328
9328 4304
4304 4438
4438 8001
8001 3175
3175 4711
4711 5359
5359 1592
1592 3234
3234 6190
6190 7507
7507 2691
2691 880
880 3222
3222 444
444 1921
1921 293
293 4465
4465 2458
2458 6395
6395 9482
9482 1171
1171 8315
8315 9493
9493 8547
8547 8935
8935 6907
6907 2980
2980 7983
7983 366
366 733
733 9181
9181 4824
4824 1278
1278 1079
1079 9268
9268 4970
4970 2040
2040 3264
3264 4148
4148 417
417 4127
4127 530
530 4612
4612 1610
1610 8985
8985 612
612 8218
8218 502
502 863
863 2753
2753 5777
5777 4241
4241 2955
2955 7141
7141 7493
7493 3580
3580 2437
2437 4120
4120 3448
3448 1124
1124 2386
2386 705
705 2154
2154 2869
2869 1099
1099 9085
9085 4907
4907 2720
2720 1807
1807 1660
1660 8834
8834 4096
4096 3455
3455 806
806 7564
7564 2984
2984 2856
2856 3307
3307 6721
6721 5451
5451 7210
7210 5334
5334 2300
2300 9420
9420 8837
8837 564
564 7126
7126 9095
9095 7436
7436 329
329 7019
7019 2219
2219 6493
6493 152
152 2161
2161 5571
5571 6500
6500 8802
8802 1882
1882 2826
2826 2751
2751 2189
2189 1730
1730 1674
1674 5976
5976 2389
2389 1740
1740 7425
7425 842
842 7398
7398 7147
7147 6600
6600 6173
6173 8886
8886 6283
6283 75
75 3227
3227 5177
5177 6778
6778 2501
2501 8307
8307 6809
6809 7525
7525 7376
7376 6155
6155 7884
7884 7811
7811 1669
1669 2195
2195 6683
6683 8197
8197 595
595 3728
3728 910
910 6763
6763 3891
3891 552
552 1929
1929 5202
5202 1058
1058 4457
4457 4782
4782 2601
2601 5017
5017 2966
2966 9193
9193 8909
8909 5991
5991 8929
8929 9175
9175 4275
4275 3007
3007 6922
6922 8518
8518 3890
3890 6958
6958 332
332 8339
8339 3097
3097 3873
3873 809
809 3094
3094 9431
9431 5551
5551 1060
1060 6403
6403 9769
9769 4539
4539 9353
9353 5287
5287 5855
5855 4074
4074 4075
4075 2010
2010 7560
7560 4455
4455 5325
5325 9207
9207 2072
2072 1872
1872 8914
8914 7872
7872 9825
9825 74
74 5495
5495 4087
4087 5779
5779 514
514 9780
9780 8174
8174 2517
2517 7371
7371 1528
1528 8493
8493 8550
8550 4509
4509 7778
7778 5826
5826 7037
7037 5041
5041 574
574 333
333 4239
4239 8763
8763 2622
2622 5411
5411 3588
3588 8162
8162 7322
7322 5622
5622 5220
5220 5723
5723 5755
5755 1295
1295 6333
6333 807
807 9814
9814 3489
3489 8916
8916 7598
7598 947
947 6512
6512 2723
2723 834
834 1894
1894 9280
9280 2482
2482 3923
3923 1463
1463 6671
6671 1044
1044 1609
1609 1462
1462 4926
4926 2080
2080 1714
1714 7857
7857 1015
1015 3465
3465 8235
8235 2520
2520 4716
4716 7847
7847 9211
9211 5394
5394 5663
5663 4624
4624 3575
3575 854
854 8120
8120 6446
6446 4249
4249 6060
6060 2478
2478 9643
9643 3633
3633 3298
3298 5838
5838 2807
2807 5575
5575 3833
3833 55
55 8240
8240 7105
7105 8995
8995 302
302 5620
5620 3934
3934 5021
5021 6927
6927 7661
7661 7769
7769 1271
1271 1506
1506 4335
4335 2313
2313 196
196 7045
7045 5892
5892 7913
7913 9257
9257 9170
9170 7462
7462 8215
8215 6235
6235 7562
7562 8926
8926 1858
1858 5010
5010 9396
9396 4230
4230 8375
8375 5596
5596 1508
1508 5500
5500 5331
5331 1899
1899 7631
7631 2902
2902 7749
7749 8016
8016 4686
4686 5417
5417 6199
6199 1156
1156 9335
9335 7657
7657 1074
1074 3773
3773 7621
7621 2849
2849 2425
2425 5338
5338 2414
2414 5329
5329 5157
5157 9809
9809 3209
3209 2281
2281 1848
1848 6647
6647 2656
2656 7243
7243 8048
8048 7325
7325 4369
4369 3994
3994 7649
7649 4705
4705 7238
7238 8095
8095 5725
5725 6001
6001 1297
1297 3506
3506 7597
7597 3986
3986 4757
4757 4301
4301 1418
1418 5423
5423 2326
2326 8099
8099 9017
9017 9132
9132 3702
3702 8806
8806 8560
8560 9198
9198 2229
2229 8709
8709 8713
8713 6604
6604 2962
2962 8538
8538 8017
8017 8208
8208 9852
9852 2837
2837 489
489 3153
3153 4653
4653 8055
8055 6026
6026 1606
1606 9059
9059 4654
4654 609
609 6649
6649 407
407 524
524 6612
6612 763
763 6553
6553 321
321 9373
9373 3025
3025 7208
7208 1755
1755 4450
4450 2840
2840 4116
4116 3736
3736 4480
4480 4683
4683 7632
7632 10
10 9069
9069 8426
8426 4373
4373 8402
8402 4904
4904 1670
1670 2432
2432 7784
7784 4314
4314 7775
7775 201
201 5223
5223 248
248 2889
2889 4941
4941 9759
9759 6003
6003 2893
2893 5947
5947 7107
7107 6751
6751 4491
4491 4562
4562 5866
5866 4628
4628 4696
4696 9484
9484 2169
2169 968
968 1564
1564 9213
9213 4292
4292 8489
8489 4247
4247 5586
5586 1052
1052 9192
9192 6891
6891 8021
8021 2191
2191 6841
6841 5458
5458 1334
1334 4429
4429 5252
5252 3195
3195 5439
5439 3457
3457 5593
5593 2485
2485 931
931 5535
5535 6233
6233 3911
3911 7349
7349 6695
6695 3589
3589 8996
8996 7858
7858 6554
6554 6433
6433 859
859 8711
8711 777
777 4393
4393 3080
3080 1617
1617 7615
7615 1030
1030 2469
2469 8134
8134 4261
4261 5379
5379 6853
6853 6261
6261 1195
1195 7804
7804 3367
3367 9370
9370 3479
3479 6136
6136 6387
6387 5493
5493 6906
6906 3941
3941 8046
8046 1559
1559 1814
1814 4667
4667 2822
2822 7761
7761 3027
3027 3830
3830 9836
9836 86
86 5905
5905 6881
6881 6563
6563 3972
3972 3262
3262 1010
1010 2096
2096 6522
6522 5489
5489 4305
4305 4695
4695 8545
8545 780
780 2071
2071 2788
2788 7013
7013 5005
5005 405
405 8789
8789 6090
6090 4170
4170 4750
4750 9222
9222 6976
6976 5754
5754 6247
6247 1175
1175 9672
9672 5683
5683 2297
2297 4811
4811 37
37 6023
6023 2365
2365 5579
5579 4252
4252 6769
6769 5101
5101 3273
3273 3566
3566 7109
7109 2165
2165 8969
8969 4949
4949 2791
2791 85
85 3514
3514 1983
1983 9326
9326 8903
8903 2730
2730 1313
1313 114
114 498
498 2098
2098 6467
6467 8877
8877 7841
7841 2597
2597 8185
8185 1784
1784 4923
4923 440
440 6369
6369 3062
3062 6673
6673 7001
7001 6002
6002 4073
4073 5120
5120 6823
6823 7738
7738 3805
3805 6040
6040 5192
5192 5479
5479 2285
2285 8987
8987 297
297 8668
8668 6913
6913 7255
7255 3675
3675 4325
4325 6738
6738 1676
1676 7914
7914 5112
5112 9826
9826 4883
4883 8794
8794 8399
8399 8403
8403 5532
5532 7367
7367 8329
8329 682
682 8601
8601 7335
7335 6368
6368 559
559 277
277 8754
8754 2187
2187 6764
6764 105
105 1209
1209 9723
9723 5114
5114 3708
3708 5768
5768 8604
8604 7256
7256 5780
5780 3309
3309 9032
9032 5269
5269 1161
1161 4178
4178 523
523 5666
5666 8227
8227 5588
5588 2981
2981 8163
8163 7552
7552 6436
6436 1324
1324 7053
7053 6807
6807 6169
6169 100
100 4153
4153 2336
2336 8525
8525 6805
6805 5284
5284 9487
9487 7654
7654 4623
4623 2727
2727 4625
4625 262
262 2692
2692 7169
7169 4602
4602 7785
7785 9610
9610 8876
8876 6425
6425 388
388 8510
8510 7824
7824 2023
2023 7670
7670 2909
2909 1907
1907 1402
1402 4570
4570 8716
8716 2738
2738 519
519 9682
9682 1742
1742 7700
7700 1654
1654 8496
8496 7895
7895 9617
9617 6698
6698 7900
7900 4553
4553 4031
4031 9502
9502 3221
3221 1012
1012 7359
7359 2940
2940 6298
6298 9056
9056 7693
7693 5578
5578 1146
1146 623
623 5658
5658 6902
6902 3441
3441 2121
2121 9084
9084 1986
1986 8762
8762 3038
3038 1423
1423 3072
3072 5981
5981 9753
9753 3844
3844 1971
1971 6654
6654 4688
4688 8592
8592 9421
9421 7922
7922 8296
8296 2439
2439 3251
3251 1068
1068 1510
1510 767
767 7411
7411 6753
6753 9510
9510 2827
2827 1706
1706 2294
2294 8571
8571 3087
3087 2269
2269 7207
7207 1274
1274 7331
7331 6680
6680 7712
7712 181
181 6109
6109 8917
8917 3102
3102 3158
3158 4371
4371 4264
4264 4804
4804 2443
2443 689
689 1301
1301 2947
2947 2452
2452 3355
3355 5556
5556 9698
9698 926
926 2515
2515 2409
2409 4707
4707 7599
7599 2318
2318 5260
5260 6896
6896 9352
9352 4033
4033 2431
2431 3692
3692 7795
7795 6895
6895 5130
5130 4068
4068 8116
8116 6128
6128 4213
4213 331
331 2344
2344 309
309 4885
4885 6255
6255 5486
5486 972
972 212
212 7148
7148 217
217 3295
3295 1883
1883 5555
5555 7346
7346 5940
5940 9372
9372 6111
6111 2518
2518 3011
3011 2736
2736 7754
7754 3791
3791 5848
5848 8846
8846 6051
6051 3895
3895 9206
9206 1522
1522 7260
7260 8835
8835 881
881 5037
5037 3415
3415 8812
8812 4751
4751 8880
8880 1320
1320 3384
3384 8189
8189 468
468 3915
3915 9322
9322 1025
1025 2234
2234 8931
8931 1232
1232 7227
7227 7975
7975 7036
7036 6376
6376 8825
8825 9336
9336 7636
7636 3935
3935 1351
1351 7586
7586 6487
6487 7344
7344 9425
9425 3152
3152 6858
6858 8121
8121 9405
9405 5211
5211 7029
7029 8487
8487 4610
4610 515
515 2256
2256 7849
7849 5212
5212 1852
1852 7437
7437 3385
3385 7247
7247 229
229 1373
1373 1577
1577 3528
3528 4792
4792 5603
5603 1430
1430 8246
8246 5917
5917 6323
6323 650
650 7650
7650 672
672 7973
7973 557
557 5714
5714 2564
2564 135
135 2699
2699 3374
3374 4964
4964 1725
1725 7409
7409 9819
9819 247
247 7225
7225 792
792 5499
5499 3950
3950 4766
4766 1780
1780 3424
3424 7393
7393 576
576 3110
3110 6303
6303 9116
9116 3765
3765 2618
2618 5204
5204 4745
4745 265
265 1077
1077 6392
6392 5719
5719 5547
5547 8376
8376 5543
5543 3922
3922 4986
4986 3812
3812 5585
5585 9505
9505 8745
8745 8049
8049 1002
1002 3967
3967 6614
6614 6520
6520 6951
6951 1878
1878 6416
6416 6229
6229 3081
3081 2131
2131 8064
8064 9644
9644 8195
8195 1993
1993 8123
8123 3178
3178 3623
3623 5825
5825 2064
2064 608
608 2661
2661 4468
4468 653
653 4258
4258 7691
7691 1329
1329 4259
4259 6726
6726 7634
7634 2237
2237 6311
6311 7639
7639 2823
2823 2449
2449 670
670 5313
5313 2835
2835 4046
4046 8439
8439 4064
4064 6946
6946 5512
5512 2613
2613 3017
3017 8580
8580 8595
8595 8544
8544 4579
4579 5093
5093 4862
4862 2669
2669 7263
7263 3059
3059 7668
7668 7526
7526 3391
3391 8052
8052 6791
6791 6138
6138 5354
5354 156
156 4473
4473 3991
3991 833
833 2832
2832 1182
1182 4758
4758 8537
8537 2627
2627 284
284 2176
2176 9316
9316 9311
9311 8400
8400 4459
4459 9415
9415 96
96 5226
5226 4326
4326 3088
3088 2393
2393 4155
4155 2435
2435 5958
5958 2611
2611 122
122 1718
1718 5531
5531 4173
4173 915
915 1591
1591 582
582 5863
5863 5240
5240 5843
5843 1214
1214 9079
9079 4672
4672 2490
2490 2954
2954 5461
5461 9424
9424 3484
3484 8830
8830 214
214 3316
3316 7694
7694 4837
4837 2045
2045 7472
7472 3701
3701 7638
7638 9593
9593 6767
6767 6969
6969 9709
9709 1072
1072 5049
5049 7361
7361 7179
7179 3714
3714 1573
1573 6483
6483 5378
5378 4533
4533 4621
4621 4245
4245 9558
9558 6325
6325 8363
8363 2765
2765 4591
4591 5288
5288 744
744 771
771 8775
8775 4714
4714 1283
1283 9439
9439 1422
1422 6486
6486 1307
1307 9358
9358 5076
5076 5802
5802 1465
1465 6901
6901 3061
3061 64
64 9526
9526 566
566 1016
1016 65
65 6174
6174 5803
5803 9509
9509 5440
5440 4680
4680 4135
4135 9783
9783 5900
5900 5058
5058 5219
5219 2192
2192 1230
1230 755
755 8320
8320 2358
2358 5731
5731 7145
7145 4044
4044 3815
3815 6238
6238 4945
4945 1029
1029 9275
9275 9196
9196 1998
1998 7839
7839 6704
6704 6728
6728 7337
7337 5468
5468 4234
4234 5632
5632 2583
2583 4992
4992 8692
8692 978
978 1604
1604 9297
9297 3113
3113 7730
7730 6097
6097 9843
9843 5089
5089 9645
9645 7268
7268 6037
6037 6412
6412 8010
8010 3369
3369 9185
9185 4419
4419 1266
1266 9787
9787 8691
8691 8915
8915 381
381 9404
9404 9391
9391 4805
4805 2816
2816 7503
7503 3507
3507 9575
9575 8327
8327 1835
1835 5070
5070 5210
5210 9047
9047 2447
2447 1597
1597 9284
9284 3462
3462 3679
3679 5820
5820 3467
3467 8584
8584 8491
8491 9148
9148 9603
9603 3381
3381 4321
4321 5880
5880 7866
7866 758
758 2483
2483 7122
7122 8210
8210 4605
4605 928
928 5963
5963 6230
6230 1563
1563 6058
6058 4381
4381 4749
4749 7482
7482 1149
1149 4442
4442 1378
1378 1761
1761 9828
9828 9636
9636 2805
2805 1722
1722 5404
5404 3867
3867 6324
6324 7879
7879 3446
3446 2675
2675 8781
8781 357
357 7838
7838 3624
3624 1645
1645 8639
8639 5522
5522 9246
9246 8232
8232 9623
9623 7492
7492 2812
2812 4464
4464 7014
7014 791
791 7111
7111 5970
5970 5936
5936 7004
7004 5276
5276 4512
4512 9203
9203 9110
9110 3237
3237 1251
1251 9659
9659 6123
6123 5410
5410 1168
1168 1643
1643 9604
9604 1293
1293 7729
7729 7559
7559 3848
3848 5105
5105 2971
2971 2008
2008 4159
4159 7222
7222 6179
6179 9778
9778 7511
7511 3173
3173 3132
3132 7551
7551 3350
3350 5662
5662 7038
7038 7434
7434 4784
4784 6571
6571 573
573 1737
1737 1115
1115 4674
4674 9535
9535 9583
9583 4283
4283 3590
3590 3949
3949 1637
1637 4313
4313 6480
6480 452
452 5183
5183 9571
9571 892
892 8203
8203 5303
5303 8431
8431 2543
2543 3453
3453 482
482 7929
7929 9628
9628 227
227 7489
7489 971
971 8515
8515 2132
2132 6574
6574 7348
7348 5861
5861 4722
4722 6067
6067 9602
9602 4858
4858 1273
1273 4573
4573 1967
1967 7276
7276 9430
9430 7835
7835 5285
5285 2338
2338 8905
8905 4400
4400 7772
7772 5121
5121 5542
5542 7727
7727 6821
6821 9186
9186 7812
7812 8473
8473 7939
7939 4349
4349 613
613 3449
3449 8862
8862 5396
5396 4985
4985 2035
2035 3421
3421 4666
4666 7297
7297 3798
3798 1991
1991 6219
6219 5492
5492 4327
4327 6070
6070 5281
5281 3437
3437 6741
6741 4009
4009 9512
9512 1908
1908 5126
5126 5373
5373 2771
2771 5055
5055 8186
8186 3878
3878 4551
4551 1819
1819 3460
3460 2042
2042 4725
4725 5123
5123 2014
2014 9144
9144 9228
9228 7935
7935 481
481 7529
7529 1605
1605 914
914 9854
9854 7651
7651 6384
6384 5358
5358 8892
8892 3595
3595 142
142 4406
4406 590
590 2547
2547 9340
9340 2697
2697 9380
9380 128
128 3069
3069 4828
4828 187
187 3654
3654 3839
3839 2274
2274 5945
5945 8516
8516 6489
6489 8119
8119 497
497 12
12 4097
4097 6663
6663 644
644 4581
4581 5110
5110 8674
8674 746
746 8910
8910 8881
8881 4251
4251 7865
7865 7570
7570 2892
2892 3709
3709 6714
6714 2512
2512 9527
9527 3885
3885 3311
3311 6343
6343 1841
1841 3054
3054 6930
6930 1588
1588 4222
4222 3201
3201 4095
4095 4522
4522 7677
7677 3040
3040 7925
7925 912
912 8507
8507 167
167 837
837 3146
3146 8014
8014 7880
7880 7789
7789 3159
3159 1040
1040 8392
8392 2319
2319 8860
8860 2423
2423 4899
4899 7575
7575 7513
7513 7989
7989 7435
7435 7534
7534 3789
3789 6017
6017 3389
3389 6848
6848 8890
8890 2360
2360 8102
8102 2541
2541 2000
2000 3678
3678 8184
8184 7005
7005 1226
1226 2295
2295 99
99 6744
6744 269
269 9293
9293 7809
7809 5923
5923 567
567 5919
5919 1467
1467 1240
1240 6894
6894 1021
1021 1189
1189 6996
6996 7292
7292 67
67 8199
8199 944
944 9030
9030 5884
5884 7805
7805 4117
4117 1974
1974 9433
9433 5943
5943 2956
2956 7249
7249 2384
2384 439
439 2011
2011 7915
7915 8645
8645 8717
8717 6146
6146 5406
5406 6095
6095 5128
5128 1006
1006 8635
8635 8005
8005 287
287 7177
7177 6036
6036 3965
3965 5030
5030 5233
5233 690
690 5381
5381 4099
4099 4642
4642 2609
2609 4559
4559 1250
1250 487
487 888
888 861
861 127
127 8103
8103 5627
5627 9730
9730 6639
6639 4414
4414 8384
8384 2424
2424 1787
1787 8656
8656 7059
7059 5776
5776 6501
6501 8214
8214 4958
4958 8129
8129 22
22 2701
2701 3806
3806 3509
3509 9599
9599 3149
3149 7523
7523 5372
5372 7855
7855 5205
5205 7324
7324 1046
1046 6122
6122 1120
1120 1970
1970 9423
9423 448
448 4237
4237 951
951 7220
7220 7180
7180 1486
1486 8255
8255 6811
6811 1589
1589 2703
2703 9708
9708 4078
4078 1383
1383 1167
1167 4741
4741 1356
1356 5013
5013 1607
1607 1112
1112 8649
8649 5642
5642 7303
7303 1316
1316 5342
5342 4830
4830 8410
8410 4092
4092 4244
4244 5969
5969 5337
5337 3953
3953 4407
4407 7550
7550 7140
7140 1777
1777 3524
3524 4412
4412 2899
2899 3983
3983 129
129 3099
3099 9043
9043 7521
7521 2922
2922 3429
3429 1495
1495 7172
7172 5243
5243 7405
7405 3849
3849 5955
5955 5883
5883 3284
3284 8986
8986 1127
1127 3870
3870 5228
5228 7532
7532 2503
2503 5096
5096 7574
7574 7327
7327 9733
9733 5695
5695 869
869 7113
7113 6980
6980 8196
8196 1744
1744 841
841 2433
2433 686
686 4812
4812 9197
9197 9460
9460 8314
8314 7846
7846 356
356 2592
2592 4183
4183 3224
3224 6789
6789 1038
1038 697
697 1476
1476 4250
4250 3000
3000 9252
9252 4834
4834 3105
3105 7936
7936 3902
3902 7026
7026 1363
1363 4974
4974 9233
9233 2056
2056 8494
8494 9256
9256 326
326 4934
4934 9767
9767 233
233 9542
9542 8022
8022 4866
4866 3855
3855 3258
3258 9677
9677 1847
1847 2545
2545 2948
2948 3408
3408 486
486 9552
9552 9139
9139 5756
5756 9513
9513 889
889 7447
7447 1135
1135 3345
3345 5294
5294 6540
6540 8895
8895 9414
9414 9490
9490 33
33 4973
4973 7965
7965 8999
8999 997
997 9418
9418 9772
9772 4184
4184 7193
7193 8094
8094 275
275 2148
2148 4608
4608 422
422 1966
1966 7688
7688 3420
3420 3627
3627 6747
6747 8370
8370 8651
8651 7326
7326 7027
7027 177
177 2153
2153 5849
5849 1949
1949 4168
4168 104
104 2858
2858 7719
7719 4186
4186 4012
4012 878
878 3943
3943 9018
9018 7856
7856 2572
2572 9500
9500 3030
3030 5209
5209 7592
7592 8625
8625 8159
8159 9469
9469 4704
4704 6217
6217 8976
8976 1055
1055 9634
9634 4228
4228 4767
4767 9143
9143 3827
3827 6154
6154 553
553 3646
3646 2453
2453 8819
8819 6709
6709 5676
5676 5595
5595 7987
7987 4760
4760 2504
2504 5230
5230 3925
3925 2379
2379 937
937 1027
1027 2650
2650 3393
3393 2312
2312 8287
8287 61
61 1395
1395 4702
4702 7239
7239 3005
3005 6697
6697 1076
1076 6047
6047 6788
6788 5420
5420 8153
8153 4340
4340 31
31 6005
6005 4291
4291 3098
3098 3783
3783 9105
9105 4565
4565 4713
4713 6188
6188 6552
6552 6299
6299 8201
8201 2599
2599 5737
5737 429
429 4542
4542 9392
9392 8675
8675 7802
7802 7871
7871 9740
9740 3046
3046 2534
2534 4214
4214 9794
9794 955
955 290
290 3004
3004 134
134 8114
8114 3717
3717 2050
2050 7178
7178 6241
6241 363
363 3696
3696 8180
8180 753
753 9387
9387 1444
1444 9590
9590 9124
9124 6923
6923 4929
4929 250
250 4521
4521 9140
9140 7681
7681 7196
7196 840
840 4946
4946 6819
6819 2053
2053 4436
4436 6845
6845 3971
3971 1407
1407 1000
1000 5
5 5689
5689 4594
4594 3666
3666 9167
9167 2240
2240 1947
1947 2540
2540 8251
8251 1005
1005 8207
8207 2149
2149 3898
3898 2528
2528 8773
8773 6868
6868 4955
4955 1132
1132 3804
3804 1037
1037 2268
2268 9331
9331 90
90 6630
6630 5463
5463 770
770 1885
1885 6810
6810 9812
9812 1482
1482 5084
5084 2932
2932 1411
1411 844
844 5407
5407 9369
9369 5815
5815 6578
6578 5574
5574 1433
1433 4788
4788 4363
4363 4644
4644 3762
3762 4998
4998 1479
1479 9382
9382 6912
6912 375
375 2492
2492 8188
8188 2836
2836 7020
7020 2804
2804 4647
4647 5392
5392 2565
2565 7110
7110 2687
2687 7994
7994 9631
9631 6477
6477 4330
4330 1703
1703 5693
5693 7545
7545 6213
6213 1724
1724 839
839 5227
5227 6007
6007 2244
2244 570
570 5733
5733 7717
7717 9547
9547 7261
7261 5698
5698 2671
2671 8085
8085 4198
4198 1719
1719 3892
3892 2759
2759 1532
1532 3314
3314 7047
7047 4793
4793 7370
7370 6459
6459 9520
9520 4337
4337 2193
2193 8961
8961 2756
2756 137
137 6271
6271 1946
1946 9361
9361 80
80 237
237 9363
9363 7215
7215 2494
2494 2916
2916 6514
6514 3380
3380 5891
5891 1855
1855 8204
8204 9004
9004 3245
3245 5266
5266 6034
6034 1323
1323 2713
2713 495
495 5836
5836 2598
2598 7022
7022 6380
6380 9648
9648 2401
2401 218
218 6422
6422 7612
7612 7248
7248 3114
3114 2752
2752 2298
2298 8447
8447 4543
4543 2186
2186 3493
3493 8331
8331 1264
1264 620
620 8290
8290 6544
6544 3947
3947 5882
5882 4358
4358 3706
3706 1771
1771 1639
1639 3659
3659 6102
6102 7617
7617 6642
6642 3219
3219 3861
3861 2171
2171 8596
8596 7281
7281 364
364 3905
3905 1150
1150 9764
9764 8949
8949 785
785 7876
7876 5144
5144 3100
3100 1514
1514 9389
9389 9216
9216 7102
7102 9632
9632 1237
1237 8588
8588 6099
6099 6831
6831 4474
4474 7771
7771 7967
7967 9655
9655 4187
4187 2406
2406 1187
1187 8356
8356 9518
9518 3537
3537 887
887 2853
2853 6063
6063 4484
4484 3500
3500 7807
7807 338
338 6766
6766 4877
4877 7928
7928 7269
7269 8231
8231 8798
8798 5264
5264 5985
5985 6119
6119 6478
6478 3472
3472 8138
8138 1569
1569 2349
2349 7034
7034 2438
2438 2029
2029 8551
8551 1364
1364 8107
8107 2429
2429 2591
2591 4575
4575 5195
5195 4976
4976 9184
9184 4791
4791 6400
6400 8663
8663 7714
7714 6633
6633 6516
6516 6981
6981 1938
1938 9190
9190 6708
6708 2459
2459 8133
8133 2321
2321 2533
2533 6317
6317 6724
6724 5197
5197 1298
1298 4220
4220 2963
2963 9694
9694 7428
7428 9006
9006 8308
8308 7157
7157 9835
9835 5363
5363 1765
1765 103
103 4839
4839 8662
8662 6973
6973 5308
5308 9581
9581 8438
8438 959
959 8973
8973 7881
7881 1174
1174 8650
8650 6983
6983 1177
1177 6427
6427 3010
3010 1389
1389 3550
3550 2990
2990 9588
9588 7191
7191 1259
1259 2653
2653 9699
9699 1200
1200 6783
6783 1693
1693 8229
8229 2499
2499 5064
5064 9760
9760 3926
3926 3029
3029 6828
6828 5066
5066 9429
9429 7228
7228 3741
3741 7981
7981 8698
8698 4284
4284 8177
8177 5800
5800 4595
4595 7040
7040 8396
8396 94
94 4019
4019 6212
6212 5876
5876 5283
5283 6499
6499 5808
5808 6865
6865 7616
7616 3535
3535 5874
5874 2714
2714 4199
4199 9150
9150 7490
7490 3670
3670 6084
6084 6813
6813 1709
1709 4322
4322 1785
1785 7431
7431 7558
7558 8271
8271 3115
3115 7917
7917 4832
4832 3686
3686 7039
7039 9054
9054 1290
1290 4527
4527 3154
3154 3843
3843 4413
4413 5369
5369 5626
5626 1584
1584 9312
9312 6655
6655 8748
8748 9093
9093 8948
8948 8968
8968 3930
3930 3243
3243 5403
5403 7978
7978 7334
7334 3869
3869 2678
2678 355
355 5752
5752 2074
2074 1701
1701 8669
8669 2198
2198 5520
5520 8871
8871 428
428 4065
4065 7893
7893 7384
7384 6762
6762 43
43 9827
9827 3582
3582 5851
5851 3210
3210 594
594 6135
6135 9625
9625 2700
2700 5818
5818 1265
1265 9548
9548 8299
8299 8866
8866 9434
9434 6829
6829 1483
1483 5432
5432 7684
7684 7538
7538 4898
4898 1493
1493 4515
4515 8353
8353 1128
1128 3117
3117 1152
1152 6562
6562 7422
7422 7926
7926 7633
7633 4110
4110 8398
8398 6011
6011 4004
4004 9365
9365 154
154 6346
6346 6030
6030 1020
1020 1368
1368 4930
4930 7941
7941 211
211 2927
2927 2576
2576 6681
6681 7451
7451 3486
3486 6484
6484 7118
7118 8897
8897 1959
1959 5979
5979 6814
6814 113
113 5263
5263 4146
4146 5753
5753 9704
9704 3672
3672 389
389 1059
1059 8978
8978 2069
2069 2772
2772 4466
4466 1137
1137 6104
6104 7682
7682 6032
6032 2062
2062 3857
3857 6846
6846 3564
3564 9725
9725 2885
2885 5059
5059 6866
6866 1233
1233 3703
3703 4038
4038 8256
8256 4641
4641 5146
5146 3353
3353 1042
1042 5189
5189 9332
9332 2806
2806 8035
8035 9426
9426 2182
2182 6776
6776 1931
1931 9771
9771 8407
8407 327
327 4599
4599 4472
4472 499
499 5152
5152 655
655 3483
3483 1272
1272 6897
6897 3937
3937 6313
6313 2073
2073 5129
5129 2049
2049 7023
7023 8807
8807 9765
9765 920
920 485
485 2084
2084 5278
5278 4965
4965 5333
5333 9522
9522 3106
3106 3074
3074 5459
5459 1811
1811 4383
4383 8628
8628 261
261 8450
8450 1800
1800 2728
2728 5113
5113 9540
9540 1842
1842 7851
7851 7295
7295 1362
1362 6162
6162 2396
2396 4915
4915 5651
5651 223
223 8722
8722 8785
8785 4007
4007 6824
6824 1984
1984 3863
3863 9557
9557 3024
3024 4379
4379 7252
7252 1690
1690 3826
3826 1716
1716 930
930 5692
5692 8127
8127 1220
1220 257
257 7486
7486 2094
2094 1335
1335 7685
7685 4347
4347 2105
2105 6844
6844 6933
6933 4742
4742 6088
6088 8990
8990 2652
2652 4309
4309 9334
9334 3370
3370 4664
4664 2331
2331 3405
3405 4991
4991 5244
5244 2619
2619 6294
6294 7488
7488 7374
7374 6394
6394 8809
8809 5341
5341 184
184 5282
5282 8514
8514 2170
2170 7514
7514 6460
6460 1964
1964 7120
7120 494
494 9683
9683 5277
5277 2769
2769 9101
9101 6337
6337 4025
4025 9657
9657 5711
5711 7419
7419 204
204 1372
1372 7121
7121 518
518 8351
8351 4010
4010 7919
7919 2239
2239 4975
4975 8988
8988 5125
5125 3746
3746 6742
6742 3049
3049 2824
2824 246
246 6531
6531 4372
4372 207
207 374
374 1732
1732 866
866 3023
3023 6931
6931 5957
5957 9016
9016 6043
6043 1898
1898 1711
1711 3782
3782 1457
1457 1154
1154 1705
1705 9236
9236 6950
6950 5138
5138 9695
9695 330
330 2716
2716 8477
8477 5967
5967 8472
8472 8723
8723 1252
1252 3255
3255 273
273 9580
9580 8350
8350 7106
7106 3438
3438 1095
1095 3554
3554 9766
9766 8702
8702 1454
1454 7300
7300 3502
3502 3720
3720 7397
7397 4227
4227 244
244 4844
4844 1445
1445 8058
8058 1023
1023 6684
6684 4732
4732 8638
8638 6677
6677 9202
9202 6082
6082 8964
8964 3946
3946 7607
7607 149
149 1954
1954 5339
5339 8593
8593 7209
7209 3202
3202 6182
6182 5366
5366 8893
8893 8739
8739 8084
8084 3847
3847 6743
6743 3799
3799 146
146 6367
6367 3755
3755 1710
1710 1447
1447 8164
8164 3065
3065 21
21 2748
2748 7182
7182 5115
5115 3818
3818 3464
3464 4901
4901 6496
6496 383
383 7320
7320 549
549 9356
9356 9419
9419 986
986 3579
3579 1452
1452 6168
6168 3498
3498 9774
9774 8471
8471 3358
3358 2077
2077 6606
6606 760
760 4188
4188 7886
7886 6713
6713 3853
3853 3542
3542 6242
6242 4808
4808 4890
4890 2043
2043 7282
7282 4944
4944 6631
6631 8554
8554 5477
5477 3198
3198 7312
7312 8612
8612 5434
5434 373
373 3974
3974 3543
3543 7192
7192 4709
4709 5727
5727 6669
6669 342
342 2181
2181 4018
4018 3180
3180 1745
1745 5242
5242 6352
6352 3165
3165 6148
6148 4753
4753 6438
6438 76
76 4079
4079 6028
6028 1772
1772 6218
6218 6565
6565 9847
9847 7557
7557 7920
7920 4278
4278 5890
5890 7528
7528 8154
8154 3077
3077 6934
6934 5024
5024 4281
4281 5519
5519 2114
2114 2903
2903 3395
3395 8833
8833 5090
5090 2028
2028 4119
4119 311
311 4091
4091 1294
1294 8954
8954 258
258 8506
8506 7350
7350 9622
9622 4411
4411 1905
1905 1235
1235 8797
8797 9685
9685 9346
9346 2745
2745 4891
4891 525
525 1136
1136 8015
8015 8500
8500 9053
9053 2119
2119 7927
7927 2100
2100 8432
8432 1933
1933 8354
8354 2246
2246 5525
5525 6103
6103 5091
5091 3014
3014 8226
8226 1845
1845 8735
8735 1303
1303 3699
3699 6915
6915 7316
7316 2584
2584 713
713 4331
4331 2890
2890 9627
9627 1642
1642 6201
6201 2690
2690 3985
3985 1590
1590 5680
5680 4516
4516 8113
8113 9846
9846 3999
3999 2110
2110 1090
1090 5003
5003 6452
6452 5428
5428 4747
4747 7446
7446 1236
1236 5591
5591 2935
2935 176
176 2934
2934 1976
1976 7439
7439 6515
6515 20
20 9568
9568 98
98 9594
9594 5528
5528 8902
8902 9314
9314 870
870 1358
1358 9285
9285 6396
6396 2116
2116 3733
3733 9160
9160 581
581 4359
4359 8217
8217 8466
8466 3079
3079 2086
2086 6518
6518 8245
8245 1442
1442 6178
6178 5860
5860 3683
3683 8012
8012 8257
8257 254
254 6676
6676 9042
9042 7383
7383 9087
9087 8956
8956 5027
5027 8132
8132 5696
5696 9646
9646 5757
5757 5951
5951 6079
6079 9063
9063 2419
2419 9227
9227 8379
8379 6601
6601 6262
6262 3750
3750 2444
2444 7945
7945 9125
9125 963
963 1291
1291 3161
3161 4194
4194 9589
9589 3418
3418 3458
3458 9068
9068 323
323 3248
3248 2933
2933 6350
6350 9667
9667 1806
1806 7606
7606 2463
2463 8530
8530 2895
2895 8004
8004 2332
2332 7200
7200 7355
7355 6505
6505 6558
6558 6739
6739 491
491 1084
1084 6321
6321 303
303 3474
3474 4386
4386 6974
6974 1534
1534 7468
7468 933
933 1673
1673 6667
6667 2457
2457 1488
1488 5097
5097 3802
3802 759
759 7990
7990 7219
7219 5715
5715 9747
9747 3151
3151 5992
5992 3045
3045 4121
4121 1801
1801 7956
7956 4185
4185 3223
3223 6723
6723 5309
5309 2654
2654 2761
2761 3200
3200 8383
8383 6202
6202 983
983 7315
7315 2668
2668 4272
4272 5022
5022 4350
4350 9574
9574 2491
2491 6206
6206 4103
4103 7254
7254 2766
2766 3557
3557 2621
2621 6888
6888 7863
7863 9801
9801 6093
6093 7542
7542 438
438 6581
6581 5174
5174 3039
3039 1960
1960 7011
7011 7762
7762 4511
4511 8228
8228 8480
8480 4550
4550 9243
9243 3912
3912 4243
4243 8167
8167 7458
7458 5425
5425 598
598 7903
7903 8073
8073 2726
2726 6035
6035 6497
6497 6625
6625 8495
8495 2813
2813 6372
6372 1596
1596 9803
9803 3938
3938 1326
1326 1048
1048 5501
5501 6999
6999 1916
1916 349
349 7537
7537 2174
2174 5509
5509 3742
3742 5688
5688 4557
4557 7453
7453 1478
1478 5635
5635 6859
6859 9619
9619 6555
6555 7358
7358 989
989 6532
6532 8847
8847 9005
9005 3274
3274 1815
1815 8097
8097 8429
8429 334
334 9616
9616 3969
3969 7375
7375 7356
7356 2370
2370 7310
7310 3817
3817 8230
8230 1113
1113 9536
9536 2808
2808 7378
7378 2476
2476 7284
7284 8152
8152 1502
1502 3328
3328 5116
5116 2076
2076 3737
3737 9114
9114 5647
5647 6353
6353 6877
6877 546
546 7211
7211 3085
3085 6020
6020 2359
2359 3721
3721 1094
1094 692
692 5065
5065 779
779 1666
1666 4072
4072 7198
7198 3112
3112 8712
8712 1619
1619 1893
1893 2777
2777 2790
2790 661
661 8033
8033 5057
5057 322
322 9277
9277 7049
7049 226
226 7734
7734 8451
8451 4500
4500 2930
2930 4391
4391 3388
3388 4026
4026 6147
6147 6463
6463 3796
3796 3700
3700 5472
5472 9834
9834 9573
9573 5949
5949 3156
3156 9255
9255 3914
3914 501
501 8998
8998 1521
1521 6320
6320 2847
2847 5597
5597 9094
9094 4179
4179 2416
2416 3289
3289 8335
8335 2783
2783 4285
4285 9849
9849 6203
6203 2776
2776 6390
6390 1555
1555 3037
3037 3763
3763 7747
7747 6530
6530 7540
7540 7619
7619 60
60 6872
6872 7008
7008 8091
8091 2381
2381 1891
1891 2093
2093 316
316 8243
8243 456
456 1369
1369 7135
7135 6393
6393 9360
9360 1999
1999 1945
1945 8311
8311 981
981 987
987 5673
5673 6329
6329 8292
8292 6670
6670 9180
9180 9320
9320 8977
8977 5012
5012 9470
9470 8630
8630 5028
5028 5375
5375 8194
8194 4967
4967 3168
3168 7088
7088 1485
1485 4843
4843 8367
8367 7414
7414 170
170 9348
9348 3055
3055 896
896 6251
6251 3764
3764 817
817 1667
1667 615
615 3266
3266 4917
4917 8247
8247 9221
9221 112
112 4082
4082 6827
6827 1682
1682 4084
4084 9551
9551 1627
1627 5483
5483 6688
6688 3745
3745 6024
6024 175
175 1078
1078 7840
7840 9168
9168 3497
3497 3278
3278 6044
6044 8295
8295 1915
1915 7305
7305 747
747 5318
5318 8731
8731 9378
9378 4052
4052 4109
4109 8182
8182 5562
5562 940
940 3002
3002 3293
3293 3364
3364 8158
8158 649
649 845
845 5444
5444 8636
8636 4576
4576 1981
1981 1542
1542 7373
7373 7643
7643 365
365 5932
5932 4488
4488 2489
2489 9078
9078 3270
3270 9559
9559 1416
1416 7167
7167 8171
8171 4395
4395 8951
8951 6441
6441 4256
4256 627
627 5279
5279 3510
3510 6215
6215 5443
5443 7875
7875 3036
3036 4617
4617 7030
7030 3951
3951 3519
3519 4294
4294 7932
7932 7786
7786 8974
8974 6265
6265 7074
7074 3688
3688 48
48 9554
9554 9844
9844 503
503 7291
7291 8173
8173 1548
1548 1104
1104 1
1 5295
5295 6875
6875 3215
3215 5910
5910 1599
1599 5730
5730 3619
3619 8854
8854 7454
7454 4748
4748 2685
2685 6826
6826 6096
6096 4021
4021 2784
2784 1912
1912 5145
5145 6952
6952 5471
5471 4744
4744 8770
8770 8953
8953 66
66 1043
1043 9440
9440 5052
5052 2412
2412 1302
1302 7467
7467 2798
2798 255
255 2345
2345 4532
4532 354
354 2986
2986 9428
9428 6196
6196 8075
8075 3577
3577 3616
3616 6039
6039 6955
6955 8535
8535 4410
4410 1969
1969 3609
3609 8883
8883 8520
8520 3119
3119 1093
1093 6803
6803 8519
8519 9550
9550 660
660 4903
4903 2626
2626 9325
9325 5038
5038 7032
7032 8459
8459 6481
6481 4508
4508 317
317 3044
3044 8044
8044 4014
4014 1578
1578 3183
3183 3332
3332 8565
8565 2464
2464 5102
5102 7363
7363 9639
9639 9278
9278 4209
4209 1468
1468 1829
1829 7635
7635 1523
1523 4773
4773 7418
7418 5618
5618 5986
5986 4190
4190 1106
1106 7392
7392 815
815 9299
9299 3977
3977 1854
1854 78
78 9319
9319 1911
1911 5590
5590 527
527 6597
6597 7948
7948 5446
5446 2883
2883 5377
5377 5709
5709 3157
3157 6645
6645 1109
1109 2505
2505 7061
7061 5352
5352 7910
7910 6115
6115 664
664 6737
6737 4446
4446 1458
1458 4262
4262 4668
4668 3188
3188 4311
4311 1069
1069 6308
6308 8524
8524 4289
4289 7212
7212 4494
4494 7473
7473 1305
1305 2223
2223 8047
8047 3340
3340 4718
4718 4050
4050 26
26 4308
4308 3300
3300 9686
9686 4449
4449 762
762 1658
1658 7226
7226 4338
4338 4838
4838 2497
2497 8746
8746 4541
4541 8262
8262 6448
6448 6852
6852 7944
7944 3710
3710 8787
8787 7628
7628 7279
7279 1110
1110 2048
2048 1165
1165 6216
6216 1977
1977 7463
7463 4201
4201 6825
6825 5107
5107 2364
2364 6656
6656 2676
2676 2670
2670 2821
2821 8300
8300 2218
2218 6116
6116 2289
2289 6870
6870 3372
3372 3121
3121 3259
3259 8437
8437 7201
7201 4588
4588 964
964 6280
6280 5747
5747 9438
9438 3283
3283 8653
8653 236
236 4768
4768 8378
8378 1684
1684 5885
5885 4094
4094 5685
5685 110
110 5654
5654 1679
1679 8512
8512 7357
7357 1102
1102 9789
9789 6849
6849 6421
6421 4483
4483 6160
6160 2083
2083 9262
9262 3013
3013 1024
1024 6771
6771 7627
7627 121
121 225
225 4492
4492 8444
8444 748
748 9731
9731 173
173 6536
6536 2287
2287 4171
4171 1768
1768 7091
7091 8744
8744 8942
8942 1909
1909 924
924 7302
7302 4910
4910 8658
8658 2265
2265 2732
2732 360
360 8100
8100 879
879 769
769 1870
1870 92
92 7089
7089 8269
8269 8950
8950 4176
4176 239
239 3022
3022 6793
6793 886
886 2070
2070 1019
1019 3523
3523 2900
2900 3680
3680 8213
8213 9234
9234 4083
4083 2968
2968 2455
2455 1889
1889 9459
9459 8867
8867 9394
9394 1543
1543 3752
3752 3553
3553 5517
5517 5316
5316 6715
6715 1153
1153 4125
4125 2185
2185 6134
6134 2441
2441 5999
5999 2306
2306 6492
6492 9399
9399 5454
5454 7622
7622 5990
5990 2524
2524 5604
5604 5336
5336 8043
8043 8160
8160 8479
8479 2368
2368 7234
7234 6830
6830 6455
6455 1628
1628 3347
3347 4493
4493 2351
2351 4376
4376 1821
1821 7626
7626 2282
2282 6449
6449 731
731 1350
1350 8827
8827 2088
2088 2970
2970 6570
6570 6402
6402 6240
6240 6977
6977 3613
3613 8334
8334 4700
4700 4720
4720 266
266 5722
5722 3092
3092 9670
9670 4942
4942 6186
6186 6650
6650 6773
6773 799
799 8436
8436 2664
2664 8190
8190 3140
3140 2367
2367 7104
7104 3495
3495 6494
6494 5399
5399 3162
3162 4983
4983 8864
8864 7566
7566 3184
3184 734
734 8962
8962 2711
2711 9156
9156 7456
7456 5291
5291 5993
5993 5674
5674 8661
8661 8321
8321 1412
1412 7006
7006 9483
9483 3349
3349 2961
2961 4437
4437 8677
8677 5798
5798 7002
7002 4796
4796 6537
6537 641
641 8541
8541 288
288 5357
5357 2202
2202 158
158 6398
6398 5841
5841 6344
6344 6052
6052 8268
8268 3587
3587 2872
2872 7675
7675 2440
2440 3846
3846 8105
8105 4601
4601 8478
8478 9302
9302 7165
7165 2021
2021 7496
7496 2355
2355 3886
3886 6114
6114 4528
4528 2183
2183 3676
3676 2253
2253 361
361 9098
9098 5201
5201 9538
9538 9261
9261 4620
4620 9020
9020 1050
1050 1157
1157 3142
3142 2882
2882 901
901 6381
6381 4790
4790 9118
9118 3238
3238 6249
6249 224
224 4113
4113 7174
7174 278
278 8258
8258 3343
3343 9529
9529 3955
3955 3404
3404 8140
8140 2536
2536 8573
8573 7904
7904 165
165 1057
1057 611
611 4555
4555 476
476 5418
5418 9533
9533 3235
3235 4063
4063 600
600 637
637 9172
9172 4637
4637 6590
6590 7412
7412 5807
5807 8790
8790 8694
8694 2707
2707 2329
2329 6986
6986 8532
8532 1047
1047 264
264 5656
5656 568
568 2044
2044 3463
3463 5315
5315 9097
9097 509
509 3431
3431 2544
2544 5470
5470 6664
6664 1206
1206 4726
4726 9072
9072 520
520 5560
5560 8024
8024 8390
8390 3033
3033 5271
5271 4646
4646 4167
4167 700
700 6161
6161 982
982 1903
1903 8397
8397 5169
5169 2719
2719 9831
9831 1830
1830 3726
3726 3921
3921 7595
7595 4158
4158 1513
1513 8786
8786 4755
4755 7500
7500 8997
8997 3738
3738 7792
7792 9824
9824 916
916 1345
1345 6479
6479 7183
7183 9727
9727 6880
6880 5827
5827 2715
2715 1910
1910 5254
5254 9273
9273 6605
6605 6204
6204 5231
5231 8149
8149 1186
1186 2233
2233 558
558 2484
2484 633
633 3704
3704 8337
8337 5767
5767 4293
4293 6546
6546 9254
9254 1432
1432 3776
3776 9349
9349 4351
4351 6610
6610 7832
7832 2405
2405 974
974 1312
1312 367
367 8293
8293 5033
5033 2646
2646 7199
7199 2625
2625 9050
9050 2292
2292 6860
6860 7995
7995 7918
7918 5482
5482 687
687 9546
9546 3604
3604 8655
8655 8678
8678 8940
8940 1347
1347 9489
9489 8540
8540 2305
2305 5001
5001 335
335 6004
6004 1767
1767 6429
6429 8062
8062 3778
3778 4246
4246 1262
1262 3043
3043 3304
3304 9241
9241 6651
6651 3
3 6972
6972 3376
3376 5051
5051 5974
5974 3531
3531 9737
9737 7065
7065 1317
1317 1644
1644 4662
4662 3240
3240 472
472 714
714 3450
3450 2400
2400 702
702 1851
1851 6209
6209 9269
9269 5624
5624 5319
5319 3526
3526 6567
6567 4364
4364 1727
1727 5684
5684 8960
8960 6535
6535 9138
9138 7233
7233 4011
4011 3319
3319 7641
7641 6469
6469 3123
3123 1108
1108 3840
3840 680
680 1876
1876 2260
2260 5225
5225 3671
3671 6270
6270 3767
3767 4430
4430 8899
8899 7604
7604 4008
4008 820
820 8323
8323 542
542 3691
3691 2060
2060 723
723 3920
3920 588
588 4634
4634 7161
7161 8509
8509 6157
6157 7090
7090 9647
9647 130
130 4799
4799 2473
2473 9214
9214 3172
3172 7563
7563 2724
2724 8799
8799 3042
3042 1512
1512 5469
5469 802
802 69
69 221
221 9451
9451 716
716 1380
1380 3913
3913 1315
1315 6503
6503 2248
2248 1413
1413 325
325 8211
8211 9376
9376 2551
2551 4257
4257 8469
8469 9584
9584 1749
1749 9702
9702 9163
9163 35
35 2526
2526 2089
2089 7946
7946 9576
9576 42
42 6471
6471 7427
7427 7582
7582 81
81 1956
1956 1509
1509 5645
5645 1881
1881 5615
5615 632
632 9441
9441 6205
6205 2770
2770 1404
1404 9478
9478 7689
7689 7455
7455 7018
7018 63
63 7931
7931 5554
5554 8738
8738 7286
7286 1456
1456 3744
3744 4990
4990 4743
4743 4962
4962 506
506 622
622 8165
8165 496
496 4260
4260 829
829 2350
2350 5412
5412 3203
3203 2554
2554 1391
1391 3299
3299 555
555 1972
1972 2725
2725 5148
5148 7021
7021 6822
6822 8975
8975 30
30 4740
4740 7672
7672 6316
6316 47
47 3889
3889 7218
7218 5222
5222 2743
2743 4919
4919 7667
7667 8732
8732 2879
2879 1500
1500 6055
6055 2346
2346 8878
8878 3379
3379 9225
9225 4421
4421 1245
1245 1007
1007 2291
2291 2398
2398 2163
2163 7403
7403 6538
6538 8377
8377 2230
2230 819
819 2967
2967 6629
6629 3290
3290 5599
5599 1538
1538 7509
7509 9802
9802 5176
5176 3322
3322 5524
5524 1082
1082 9347
9347 965
965 9624
9624 2342
2342 4255
4255 386
386 7343
7343 7499
7499 7947
7947 4916
4916 228
228 7342
7342 6336
6336 1199
1199 7309
7309 1789
1789 3864
3864 721
721 7768
7768 8590
8590 1062
1062 8683
8683 2763
2763 7449
7449 5700
5700 4606
4606 2407
2407 5610
5610 1886
1886 5401
5401 5561
5561 3779
3779 1066
1066 9217
9217 6127
6127 4041
4041 8701
8701 5118
5118 5726
5726 8032
8032 5100
5100 5601
5601 1857
1857 962
962 5708
5708 5063
5063 5909
5909 3669
3669 2717
2717 8408
8408 4894
4894 8719
8719 4810
4810 1155
1155 7432
7432 370
370 7938
7938 155
155 8411
8411 7433
7433 4690
4690 4586
4586 7497
7497 9611
9611 634
634 797
797 3625
3625 182
182 4070
4070 757
757 1575
1575 6920
6920 1196
1196 683
683 4875
4875 9329
9329 6700
6700 3093
3093 5298
5298 2309
2309 2343
2343 6163
6163 1238
1238 4627
4627 2197
2197 2831
2831 5280
5280 8824
8824 3927
3927 1583
1583 9749
9749 2867
2867 4658
4658 3841
3841 5365
5365 2982
2982 5867
5867 8386
8386 9690
9690 3492
3492 3325
3325 4708
4708 1994
1994 4375
4375 1731
1731 5361
5361 8930
8930 5960
5960 8252
8252 2228
2228 6596
6596 57
57 4334
4334 1624
1624 9790
9790 7461
7461 8324
8324 8338
8338 1683
1683 4310
4310 5796
5796 2275
2275 2868
2868 7833
7833 3516
3516 4972
4972 1646
1646 1685
1685 619
619 5414
5414 7402
7402 2205
2205 6806
6806 3992
3992 8697
8697 312
312 2542
2542 5865
5865 3281
3281 4316
4316 9495
9495 9524
9524 6932
6932 8597
8597 4122
4122 5608
5608 5393
5393 5391
5391 1420
1420 5515
5515 8555
8555 5299
5299 7868
7868 7960
7960 9055
9055 70
70 4368
4368 2582
2582 1691
1691 7410
7410 3111
3111 808
808 814
814 1533
1533 6549
6549 479
479 7731
7731 8898
8898 8485
8485 466
466 1652
1652 6029
6029 2995
2995 5343
5343 9327
9327 3176
3176 751
751 4712
4712 9507
9507 1827
1827 7044
7044 6964
6964 8272
8272 2330
2330 2201
2201 6990
6990 4320
4320 9009
9009 737
737 1441
1441 1525
1525 2729
2729 8110
8110 2958
2958 6408
6408 4643
4643 9238
9238 4405
4405 511
511 2054
2054 5353
5353 8780
8780 5094
5094 9375
9375 5789
5789 9633
9633 2809
2809 1041
1041 2706
2706 7205
7205 1308
1308 584
584 4802
4802 5828
5828 4140
4140 6777
6777 372
372 2426
2426 6796
6796 1208
1208 1759
1759 1973
1973 3707
3707 9848
9848 8106
8106 6971
6971 1614
1614 8943
8943 1304
1304 8413
8413 2604
2604 3056
3056 6889
6889 4015
4015 6453
6453 6525
6525 2952
2952 6356
6356 7583
7583 7952
7952 9288
9288 1795
1795 6812
6812 7718
7718 5559
5559 852
852 169
169 6314
6314 6335
6335 1067
1067 6293
6293 2740
2740 7448
7448 7687
7687 3401
3401 1570
1570 9601
9601 2510
2510 2936
2936 8841
8841 4390
4390 2901
2901 7386
7386 5602
5602 1689
1689 4100
4100 8130
8130 4820
4820 2041
2041 1133
1133 1492
1492 3403
3403 2498
2498 976
976 1524
1524 4471
4471 2307
2307 3684
3684 4195
4195 4482
4482 5296
5296 5655
5655 6108
6108 6731
6731 5198
5198 8326
8326 4699
4699 7870
7870 5426
5426 4150
4150 2097
2097 6602
6602 7830
7830 2210
2210 8761
8761 8567
8567 1562
1562 8875
8875 2596
2596 5135
5135 7977
7977 2665
2665 5650
5650 4300
4300 5208
5208 3338
3338 7366
7366 4736
4736 8394
8394 4538
4538 3246
3246 125
125 4344
4344 5221
5221 1782
1782 7
7 8733
8733 1217
1217 7170
7170 1608
1608 7726
7726 6526
6526 6745
6745 2026
2026 2194
2194 1360
1360 8804
8804 2912
2912 7892
7892 8904
8904 2523
2523 5822
5822 8079
8079 5184
5184 9539
9539 5899
5899 1018
1018 3032
3032 7070
7070 9232
9232 8888
8888 2143
2143 756
756 3015
3015 6291
6291 7959
7959 8381
8381 7244
7244 95
95 2862
2862 5286
5286 6142
6142 850
850 5931
5931 2694
2694 9714
9714 8445
8445 4764
4764 6106
6106 5207
5207 2137
2137 7686
7686 9449
9449 6158
6158 1809
1809 5257
5257 6156
6156 528
528 3630
3630 450
450 6326
6326 7516
7516 6355
6355 7323
7323 7950
7950 8042
8042 4204
4204 6078
6078 2818
2818 7139
7139 2964
2964 9736
9736 8850
8850 7221
7221 4439
4439 2366
2366 3931
3931 4107
4107 1282
1282 6636
6636 621
621 6472
6472 3732
3732 1184
1184 7188
7188 343
343 9564
9564 948
948 2058
2058 4129
4129 8872
8872 8522
8522 1026
1026 4149
4149 4387
4387 8566
8566 474
474 6541
6541 8623
8623 5540
5540 8564
8564 9525
9525 188
188 5994
5994 5975
5975 6792
6792 4887
4887 4996
4996 7380
7380 4467
4467 2841
2841 6582
6582 5086
5086 1357
1357 3329
3329 3452
3452 6457
6457 230
230 1276
1276 6765
6765 8499
8499 6904
6904 4652
4652 7175
7175 7732
7732 1515
1515 1065
1065 9615
9615 7164
7164 159
159 1936
1936 614
614 2628
2628 4212
4212 8092
8092 4731
4731 6264
6264 7531
7531 3226
3226 2140
2140 9067
9067 5823
5823 6027
6027 5565
5565 4123
4123 1192
1192 1552
1552 7132
7132 2580
2580 6309
6309 5050
5050 2262
2262 1385
1385 3207
3207 847
847 8361
8361 4206
4206 3091
3091 7479
7479 1546
1546 8624
8624 4676
4676 8259
8259 205
205 5345
5345 1602
1602 8814
8814 2733
2733 8089
8089 2615
2615 7781
7781 6124
6124 5513
5513 6144
6144 3362
3362 5913
5913 7992
7992 2548
2548 2481
2481 3047
3047 4879
4879 9504
9504 4566
4566 9461
9461 3012
3012 9323
9323 6944
6944 9805
9805 801
801 9649
9649 6878
6878 3518
3518 3434
3434 4819
4819 7475
7475 7246
7246 8955
8955 2126
2126 1397
1397 5387
5387 8216
8216 3086
3086 7073
7073 5256
5256 6257
6257 1327
1327 2303
2303 3636
3636 2369
2369 8404
8404 7709
7709 4649
4649 3317
3317 8693
8693 9411
9411 3771
3771 3241
3241 1117
1117 1408
1408 3297
3297 7440
7440 6794
6794 7293
7293 5631
5631 1655
1655 6717
6717 161
161 4067
4067 5002
5002 7937
7937 8743
8743 5570
5570 1147
1147 9270
9270 2877
2877 5340
5340 9178
9178 430
430 8602
8602 2486
2486 1178
1178 8266
8266 4969
4969 2578
2578 1309
1309 5092
5092 2475
2475 3655
3655 7797
7797 6816
6816 5321
5321 483
483 2797
2797 6191
6191 2531
2531 8221
8221 5265
5265 6177
6177 9165
9165 4090
4090 7739
7739 5829
5829 9305
9305 5032
5032 7508
7508 9036
9036 1950
1950 4909
4909 8967
8967 190
190 8151
8151 3997
3997 1877
1877 5347
5347 2385
2385 604
604 2633
2633 6510
6510 8409
8409 5587
5587 1280
1280 2581
2581 8316
8316 6172
6172 1202
1202 7678
7678 8523
8523 3956
3956 5739
5739 8689
8689 2250
2250 2682
2682 4020
4020 3612
3612 2910
2910 4987
4987 7742
7742 8616
8616 4648
4648 7062
7062 9680
9680 318
318 2033
2033 6943
6943 5738
5738 5045
5045 414
414 6331
6331 2871
2871 3562
3562 911
911 1489
1489 9499
9499 6634
6634 9012
9012 5140
5140 3629
3629 699
699 7544
7544 2261
2261 58
58 2222
2222 1601
1601 5133
5133 6523
6523 8419
8419 2390
2390 2750
2750 6622
6622 7124
7124 8313
8313 1242
1242 6464
6464 2166
2166 2638
2638 2586
2586 8932
8932 1735
1735 4215
4215 5879
5879 9065
9065 6617
6617 3503
3503 2754
2754 616
616 6869
6869 5421
5421 3250
3250 7217
7217 8891
8891 7487
7487 4580
4580 7536
7536 728
728 1400
1400 5573
5573 5356
5356 5751
5751 2923
2923 6940
6940 1778
1778 5385
5385 9153
9153 3412
3412 1695
1695 1518
1518 4208
4208 3581
3581 8938
8938 9157
9157 5607
5607 9002
9002 7589
7589 9614
9614 4817
4817 1561
1561 6332
6332 8741
8741 2311
2311 991
991 4854
4854 6898
6898 7173
7173 4685
4685 1838
1838 9450
9450 9577
9577 1640
1640 9563
9563 786
786 4211
4211 7083
7083 9566
9566 1650
1650 6140
6140 4572
4572 8548
8548 3129
3129 3145
3145 9776
9776 9080
9080 267
267 1249
1249 3568
3568 894
894 5014
5014 5488
5488 5997
5997 9383
9383 6556
6556 9521
9521 1353
1353 9289
9289 6843
6843 4931
4931 2159
2159 8963
8963 6131
6131 8372
8372 4126
4126 2637
2637 821
821 9296
9296 4593
4593 3228
3228 8750
8750 3428
3428 5705
5705 2651
2651 1924
1924 8458
8458 4036
4036 7262
7262 252
252 8380
8380 9700
9700 2874
2874 3695
3695 5873
5873 7905
7905 3177
3177 9173
9173 4385
4385 693
693 2795
2795 7347
7347 5191
5191 7791
7791 6551
6551 4432
4432 6418
6418 6918
6918 1428
1428 9807
9807 3475
3475 3824
3824 1840
1840 1140
1140 5194
5194 3962
3962 461
461 3279
3279 397
397 8501
8501 3128
3128 4273
4273 5039
5039 8911
8911 3948
3948 2667
2667 2430
2430 605
605 5903
5903 8219
8219 832
832 23
23 2820
2820 6482
6482 8382
8382 2786
2786 2800
2800 2792
2792 492
492 7168
7168 8788
8788 8979
8979 3130
3130 9388
9388 7116
7116 3831
3831 9117
9117 6175
6175 4651
4651 2
2 9109
9109 5761
5761 9
9 9410
9410 9466
9466 1603
1603 6220
6220 4984
4984 8729
8729 7424
7424 7891
7891 8061
8061 3058
3058 4329
4329 5657
5657 1505
1505 9498
9498 5320
5320 4154
4154 717
717 2918
2918 4681
4681 5998
5998 8531
8531 3344
3344 708
708 813
813 4224
4224 1641
1641 4590
4590 5569
5569 1396
1396 5497
5497 4495
4495 9304
9304 9061
9061 9164
9164 1696
1696 6885
6885 2563
2563 3057
3057 8443
8443 8845
8845 513
513 5898
5898 3780
3780 11
11 2278
2278 7711
7711 6687
6687 5182
5182 5317
5317 5902
5902 7596
7596 7600
7600 6712
6712 6850
6850 8234
8234 2539
2539 14
14 8764
8764 1816
1816 2138
2138 7079
7079 5304
5304 1805
1805 3622
3622 4417
4417 141
141 504
504 2875
2875 1080
1080 7814
7814 3534
3534 4452
4452 9131
9131 5877
5877 8003
8003 1162
1162 1721
1721 7364
7364 8128
8128 3989
3989 522
522 2340
2340 7092
7092 3897
3897 5071
5071 6150
6150 2741
2741 404
404 5416
5416 2335
2335 4288
4288 4752
4752 2257
2257 1511
1511 8277
8277 3924
3924 5239
5239 1529
1529 3574
3574 7642
7642 9194
9194 1075
1075 2019
2019 1070
1070 5374
5374 189
189 9133
9133 2705
2705 671
671 51
51 3505
3505 4306
4306 1904
1904 5832
5832 1776
1776 5200
5200 843
843 7602
7602 9201
9201 5613
5613 8513
8513 9062
9062 8865
8865 54
54 8362
8362 4633
4633 4815
4815 1325
1325 7491
7491 8348
8348 9653
9653 9010
9010 5966
5966 9264
9264 7794
7794 1197
1197 5262
5262 1164
1164 6817
6817 835
835 3968
3968 9215
9215 5558
5558 8959
8959 856
856 8053
8053 4355
4355 4034
4034 2214
2214 4560
4560 2030
2030 6383
6383 6228
6228 7185
7185 4779
4779 8696
8696 9159
9159 7974
7974 6227
6227 2162
2162 4339
4339 1218
1218 7081
7081 4571
4571 3515
3515 3674
3674 5541
5541 4307
4307 9237
9237 532
532 8179
8179 4433
4433 659
659 4908
4908 7885
7885 2111
2111 6948
6948 4669
4669 1880
1880 3477
3477 3673
3673 973
973 7457
7457 3442
3442 673
673 5699
5699 8352
8352 5927
5927 2006
2006 1125
1125 5812
5812 5405
5405 8476
8476 2538
2538 1387
1387 712
712 6929
6929 1289
1289 434
434 812
812 1253
1253 9820
9820 6945
6945 3410
3410 3546
3546 8610
8610 1902
1902 3041
3041 8192
8192 9837
9837 8815
8815 6627
6627 6495
6495 139
139 4759
4759 3150
3150 1261
1261 5307
5307 2352
2352 362
362 392
392 4728
4728 8861
8861 5677
5677 1968
1968 2757
2757 7999
7999 6057
6057 3662
3662 6956
6956 9491
9491 3555
3555 6573
6573 1817
1817 6916
6916 8724
8724 4134
4134 6187
6187 5933
5933 4002
4002 2978
2978 9081
9081 13
13 2480
2480 7823
7823 7716
7716 6694
6694 7313
7313 6862
6862 3835
3835 8498
8498 8088
8088 6560
6560 643
643 4296
4296 8170
8170 3411
3411 4960
4960 2067
2067 6491
6491 6281
6281 1338
1338 462
462 7369
7369 9113
9113 2530
2530 260
260 435
435 1348
1348 32
32 423
423 8318
8318 8549
8549 2004
2004 9724
9724 9569
9569 8755
8755 2472
2472 4045
4045 5664
5664 4115
4115 2003
2003 3644
3644 3138
3138 1618
1618 9038
9038 2854
2854 2227
2227 3504
3504 3206
3206 6470
6470 4434
4434 9792
9792 6244
6244 6938
6938 943
943 4089
4089 5901
5901 6886
6886 6746
6746 639
639 493
493 5670
5670 5697
5697 4274
4274 3661
3661 4631
4631 2679
2679 5886
5886 6362
6362 2886
2886 752
752 4352
4352 8843
8843 740
740 1769
1769 9022
9022 9200
9200 9600
9600 5557
5557 1310
1310 7930
7930 117
117 2838
2838 8125
8125 778
778 4312
4312 630
630 3508
3508 3232
3232 7069
7069 8679
8679 4268
4268 3026
3026 6591
6591 5504
5504 4388
4388 6989
6989 9283
9283 3520
3520 2657
2657 8183
8183 5498
5498 6674
6674 6752
6752 9741
9741 4479
4479 1657
1657 9586
9586 5773
5773 4868
4868 9282
9282 6085
6085 341
341 5675
5675 5348
5348 4197
4197 7567
7567 913
913 6640
6640 5149
5149 3687
3687 8317
8317 6679
6679 6707
6707 9300
9300 2949
2949 7103
7103 1686
1686 3179
3179 4924
4924 6167
6167 5523
5523 6444
6444 5095
5095 6521
6521 6407
6407 7743
7743 4724
4724 5980
5980 9798
9798 675
675 1873
1873 1129
1129 1913
1913 3739
3739 8009
8009 6375
6375 8587
8587 6462
6462 7736
7736 180
180 2878
2878 1930
1930 1622
1622 4394
4394 6025
6025 5546
5546 2891
2891 5614
5614 119
119 9121
9121 8543
8543 3348
3348 7666
7666 3306
3306 704
704 7321
7321 8944
8944 9291
9291 6456
6456 1337
1337 3829
3829 5371
5371 4661
4661 5518
5518 210
210 8441
8441 3990
3990 4547
4547 5995
5995 5382
5382 6014
6014 3552
3552 2392
2392 1498
1498 9471
9471 6953
6953 3436
3436 8366
8366 5229
5229 3320
3320 5259
5259 4409
4409 7758
7758 7466
7466 9756
9756 2007
2007 9652
9652 2156
2156 7966
7966 9839
9839 2829
2829 5147
5147 7474
7474 9793
9793 8536
8536 7245
7245 8220
8220 6994
6994 4774
4774 7273
7273 3126
3126 6775
6775 5839
5839 2610
2610 2744
2744 6263
6263 4489
4489 1287
1287 9687
9687 9785
9785 8620
8620 5306
5306 4729
4729 8771
8771 5835
5835 6834
6834 2224
2224 5785
5785 4604
4604 8264
8264 932
932 1144
1144 398
398 3868
3868 6947
6947 5452
5452 5139
5139 3205
3205 6861
6861 1425
1425 7506
7506 4318
4318 6653
6653 3216
3216 2123
2123 7843
7843 9842
9842 4952
4952 6871
6871 6443
6443 2870
2870 7469
7469 6685
6685 4205
4205 1874
1874 3254
3254 1384
1384 800
800 5376
5376 9744
9744 5249
5249 1864
1864 9506
9506 3522
3522 3291
3291 4738
4738 5724
5724 3748
3748 1823
1823 1692
1692 1229
1229 5908
5908 3124
3124 3821
3821 2108
2108 9015
9015 5928
5928 6774
6774 8068
8068 5332
5332 2887
2887 6991
6991 6338
6338 8425
8425 4645
4645 1653
1653 5305
5305 8783
8783 2327
2327 8958
8958 183
183 296
296 7232
7232 7390
7390 5350
5350 6059
6059 8142
8142 7407
7407 2273
2273 3642
3642 8368
8368 7017
7017 9728
9728 3028
3028 3164
3164 1443
1443 8112
8112 4769
4769 3122
3122 6770
6770 938
938 9248
9248 4102
4102 9374
9374 7154
7154 195
195 6579
6579 5367
5367 5971
5971 906
906 8343
8343 8586
8586 6273
6273 8018
8018 9673
9673 4723
4723 8922
8922 7826
7826 5987
5987 4476
4476 9403
9403 4377
4377 6013
6013 5589
5589 2109
2109 6062
6062 2845
2845 3218
3218 2639
2639 7250
7250 3101
3101 2022
2022 8740
8740 5506
5506 908
908 4174
4174 8141
8141 2600
2600 9782
9782 4635
4635 140
140 508
508 2255
2255 5864
5864 735
735 5456
5456 2129
2129 5629
5629 838
838 62
62 562
562 8993
8993 7517
7517 7837
7837 4137
4137 4587
4587 40
40 1581
1581 6666
6666 9638
9638 8150
8150 1965
1965 4739
4739 2376
2376 9752
9752 7131
7131 2157
2157 2466
2466 6620
6620 3620
3620 6198
6198 1900
1900 822
822 8617
8617 6935
6935 8947
8947 3050
3050 6837
6837 4361
4361 9377
9377 1995
1995 5083
