9758
2583 1501
1501 1097
1097 6231
1097 3012
1097 5795
3012 6020
3012 4964
3012 8031
4964 3811
3811 4213
1501 7869
3012 6160
4213 4955
6160 4930
3811 5056
6020 6157
4930 8013
6160 2571
5795 626
4213 3908
4955 9156
2571 7305
4930 9056
5056 7653
3908 5391
3811 7585
3811 3405
4213 2906
4955 5419
4964 7371
7869 3394
3908 8903
7653 7526
7869 3853
7526 1773
5391 2492
4930 9464
5419 5822
2571 8241
8013 4558
4213 4118
7526 1580
6157 2955
2906 7140
7305 934
4558 5123
9056 4371
5419 4618
8013 1641
1641 2415
9156 3321
1501 4935
9056 7074
3405 2912
5391 4723
7869 7828
5056 9385
4618 5166
7828 5359
6020 7778
8903 6587
4118 2181
6160 2813
2415 1661
6020 7097
626 743
7371 3642
1661 5253
4955 4997
3811 4765
3853 7767
2955 3330
1773 2363
7828 884
2906 7955
5391 5532
7778 9013
1773 4806
4964 7824
5795 2006
1580 1057
8031 5046
4964 8815
3853 1668
1661 8575
4964 8219
9464 8303
3811 7246
9013 8023
3394 6112
2363 6192
3012 8503
7585 2648
7824 6856
1097 426
2415 3184
9013 8802
9013 6787
884 780
4213 8693
7585 9454
9385 945
884 371
5532 739
743 865
739 1444
884 1622
934 4484
1057 5763
6587 8873
5419 4549
780 5811
4723 9340
2906 6138
9454 8327
4964 9444
865 8634
7828 3231
5795 5720
2492 4507
780 1803
6138 7865
5391 380
9056 6162
3394 7079
934 302
7955 2409
4507 4666
6192 4884
2648 9691
934 4794
9444 2841
1773 9155
7778 2405
6157 940
4955 1014
9340 3209
2571 7179
5046 3981
6020 5748
2492 3597
1501 9082
2955 4116
2415 3637
4666 67
371 709
7305 8960
6587 6723
9444 77
302 5740
4765 1989
8903 1193
9082 1100
3637 2842
2813 1126
1444 76
1057 7438
1057 5142
3642 6688
7653 973
2841 5191
4935 1967
3811 2582
1967 5496
9385 4692
865 6268
8802 2305
4507 5787
7585 419
7526 5919
1057 1695
1695 6290
8815 8830
3321 6296
7246 8083
7097 7354
2492 3648
3637 3294
3184 3350
2841 248
2842 1338
7869 2730
5496 1181
248 6785
4964 6465
8903 7842
8219 2662
743 1589
3184 2249
2842 2023
426 9227
4692 5592
7074 6912
743 1260
8327 2427
248 5512
1580 2437
6587 3337
5763 2016
5795 4808
9013 8147
8241 2876
5512 4908
1641 7239
626 4937
2492 7698
2571 7728
940 4654
8634 3691
4692 8493
3294 276
7778 5676
7305 5070
8493 6689
5919 7245
1661 2489
5496 5086
8802 3489
4935 4196
2492 2600
945 897
2492 2981
2662 4383
1773 3119
2730 8024
626 8944
4654 8225
7079 850
5919 7801
4935 2508
4808 1081
743 7652
4908 5959
4794 4592
4935 391
7097 1847
940 1346
391 9458
2912 3654
391 9030
3294 622
1847 8859
7245 2843
1346 3327
5391 5434
3648 1986
4765 1555
2016 8545
973 7300
4118 4744
4964 3282
2730 2683
1014 2312
8830 8115
4383 2417
3489 6728
1986 6151
6138 7174
6856 2400
4592 1162
2312 6685
1580 7578
7300 8375
3012 8500
9385 2903
6685 8006
8575 2814
2842 1122
2842 3882
5512 8653
5763 3035
2409 8271
7174 8200
3642 6828
5391 6664
419 8958
76 3322
6723 236
7245 7272
9458 8323
5434 3305
2427 9597
8225 1674
276 9290
380 4812
743 7591
2842 2232
8303 5355
4808 5886
371 6133
5592 7337
7526 1832
5355 6414
940 6896
1986 8389
4765 5835
4116 8196
5123 8228
6664 4735
236 2333
4549 8935
6112 6091
77 8274
8935 436
3853 2692
7074 4952
4908 282
8903 3534
8327 2424
4765 1953
8274 6995
1081 910
5191 7474
3282 4031
9458 4725
2842 5266
5740 8341
3327 6131
76 646
6912 8941
5355 3164
2415 4234
5748 9518
2841 7166
5512 1254
945 8512
5919 8178
4618 4923
3489 2686
8274 9129
4808 7954
6689 9061
1100 7777
9454 466
7578 8488
3648 5732
1057 6111
6828 7953
5886 9135
8815 9448
7354 2332
626 513
8375 931
2249 6031
1668 3478
1338 1588
5740 7366
3642 5418
1668 2120
4031 4426
3811 1712
8241 5047
76 4797
9227 3935
8802 7028
2912 2616
2006 7466
4558 9205
2843 8951
4723 492
8873 495
9464 5663
4383 1306
739 2697
1555 791
7166 3945
4952 6249
7828 7738
9056 1296
5676 1304
7801 7533
940 7390
2363 7573
5748 7376
5720 4040
3597 1406
8115 8291
5359 188
6785 558
1260 2844
2489 8686
3119 2739
3654 7920
3405 3926
1122 8207
8083 5829
897 506
1668 6441
8327 1784
6268 9304
3231 4649
9082 7138
2662 6921
8960 7391
9135 8770
9340 7043
5732 5907
1661 427
7043 4553
3119 4736
5732 1530
2814 9332
7573 4307
2841 7265
77 1308
7865 3173
6856 4438
3405 6216
77 6868
9056 9091
7391 494
5740 2224
2843 2117
6231 3032
626 547
4118 9297
8389 5479
1668 5719
6664 8205
4196 4292
8228 6104
1832 7195
1773 1804
6268 2675
4438 1721
8500 1810
2662 433
4438 6330
2730 4023
3119 1605
3330 4185
6151 3283
4952 2690
4383 9190
8375 9499
8323 6617
6111 9532
4666 6814
6231 3758
4553 1096
2117 1295
1989 3028
4307 6793
3478 8360
2582 4332
188 1962
433 5921
6104 2753
5822 9350
6151 9128
7653 1987
5886 1771
9350 2246
4935 4222
6020 2500
2571 6656
8196 7055
2683 270
8375 5286
4997 9441
8228 4328
4031 5753
4654 7904
2016 1790
5748 4005
739 5141
1712 5238
8693 8426
4765 7336
2400 1076
5921 6928
2571 3683
4908 5000
1589 183
7195 6797
4692 7683
9448 687
3882 7993
1953 5016
7591 6777
2409 4653
743 4993
5822 592
276 4677
6995 6150
6896 3810
427 8834
2437 6346
2016 8218
6785 2376
9227 990
2906 4105
9444 5623
3119 9186
1338 6450
2006 1203
6787 7206
4993 1524
687 9119
1986 6871
426 3656
2730 1148
1296 7875
7043 887
2427 9195
6688 7774
8944 2014
5907 6884
7390 6361
7875 4018
1501 3166
1953 5113
6231 1955
2508 7966
270 9629
4955 2667
1605 4137
1306 6053
887 3260
5000 5943
1254 257
7336 9595
2906 2214
5921 852
1260 7834
4196 5312
3654 7156
3394 797
7573 490
4118 4879
7652 4513
6688 6154
5748 6428
1203 4279
257 5268
7767 4648
4692 411
3405 821
3691 572
9190 147
2224 1135
8426 5574
1081 2180
8218 9202
1081 4510
8693 8477
3534 400
6154 6899
7526 5439
513 3676
4332 5231
4930 7660
7097 1601
780 3874
147 8447
7305 6136
8503 4660
8477 8112
1296 6472
5623 8401
1295 7154
6111 9645
2648 606
1986 2996
7869 9756
8960 6344
6111 6621
7533 4420
5676 5977
5753 7341
1589 6994
940 8032
8477 6623
2400 4722
2400 7915
6896 7839
1296 8695
4908 1315
1695 4351
8360 9667
6104 4049
3305 4364
4808 8468
7828 8123
606 6780
8147 7116
8115 4932
2224 3862
7140 6925
7578 1466
3853 7521
4744 4647
1555 9225
1953 3147
2843 3850
5359 1408
5623 2693
6928 2529
2616 8067
4222 1869
4736 7603
6896 8514
6112 3732
4806 3554
7174 8363
4222 1329
2583 8494
5113 7522
4185 1769
990 2872
1803 9351
6472 7890
5676 3518
6925 5971
2014 5181
7138 883
1530 4202
7778 811
4794 1313
8360 4858
3478 5801
606 5985
5753 7315
3282 6776
1097 2306
1466 4630
2332 3355
5801 8142
2686 8869
6216 7766
6797 8269
2843 7128
1668 5182
3935 6264
490 8236
850 311
7055 2947
2409 4561
4723 3162
8503 6037
7955 863
6330 9555
5719 894
5907 2274
7683 9533
8873 9420
7774 2642
2947 2918
7698 2469
4383 594
236 8497
9082 8283
419 4849
7116 2980
1501 721
1810 7602
1641 2835
8218 9191
4005 964
6031 915
4105 310
7128 1650
7341 7170
411 6387
9691 872
5532 6041
1181 5645
852 2210
6344 2366
7028 6479
3882 4175
6138 2873
2980 1644
8031 9178
1784 9508
5532 8860
6899 45
1315 2202
1661 4156
6828 7498
8497 217
2305 1384
1329 1863
6290 9620
8477 7735
8006 1649
5835 133
4794 8943
1524 7569
6912 9139
1306 1991
5046 3701
8178 7601
739 9560
4116 8175
6330 5877
5676 6028
4118 6483
5086 7958
1674 2791
7128 5498
8303 8305
811 6071
5977 7885
3162 5549
8024 9253
7920 4261
4202 319
2508 412
4930 4251
7028 224
3908 976
6414 7465
9304 3240
4196 1561
7079 640
1122 7701
7955 777
1097 7615
1769 9510
4765 2931
6031 1108
8389 2273
8218 2959
2333 2283
915 3201
3032 9087
7601 4831
3162 1378
7305 5536
4507 9012
5886 3013
5166 9111
4023 7986
7834 7458
4653 3300
6787 9449
9508 2984
7305 8307
7767 6661
183 223
5532 8371
9119 2495
6028 5243
8207 5613
6785 483
3648 9388
4513 2713
5286 6495
5663 1647
940 526
894 2895
8686 5923
4251 5373
4105 2260
7533 624
883 2403
6465 3602
2181 3823
976 4353
1953 8429
4549 3947
492 7770
7028 2738
3758 1332
4723 7244
4484 5864
7166 1120
3810 9245
7526 767
147 8646
2508 9405
4420 2474
6787 9708
1329 6581
721 3892
1674 6006
1466 3382
8207 3451
934 5122
76 5731
964 5432
7179 3907
7573 9706
282 5668
1773 3482
1804 7129
5763 6208
310 842
6868 3452
2427 6376
1784 1177
6376 7678
8941 3695
3811 4467
248 920
3518 6788
4040 7188
270 5868
797 5690
2616 317
5496 8381
1501 1103
3648 8752
4592 4142
6387 8472
8067 1704
4351 361
4328 4414
5574 1451
7698 6201
5623 769
526 8467
2403 6638
8067 7626
2959 9328
2246 9660
7498 5856
6921 5447
7272 888
4955 8576
767 2467
5056 8679
4937 4167
5000 6827
1193 9417
6201 8716
5312 1544
2571 7817
4884 1091
223 6523
9253 8688
5748 4479
6268 3188
1148 7067
2224 8651
5512 4730
1444 3744
3013 6302
1641 3461
4510 1069
427 9211
7958 586
1313 895
4383 134
9350 4619
8493 4539
5447 9493
4660 3825
3882 383
9211 1949
5512 788
2713 9591
4630 9565
9012 9719
8693 749
2662 7464
5864 5324
3337 1509
2662 871
7245 7527
7954 5154
842 3861
2333 5250
7660 1021
5787 2280
7958 2200
9597 2473
9555 4182
4997 7110
1962 4460
4510 3428
2686 942
931 3373
2366 6374
6856 6753
276 8195
7993 768
466 7211
2333 5845
7958 1925
7601 1267
2739 2834
6031 7532
7522 8661
6028 5755
7138 4402
8341 7485
8083 837
4730 2139
5046 3319
872 714
1295 7596
1096 9641
4351 5145
2312 7597
4648 2368
6208 1552
606 4839
7915 1000
5086 7304
4993 5958
3162 4859
1869 3468
2403 8537
7660 9393
5574 3980
8944 2061
7728 8450
506 8109
4364 3684
4730 857
7110 3359
6623 1358
9405 2277
7110 2454
4279 3594
6689 965
6689 4305
9129 3953
6921 9638
2260 4521
1181 3135
3892 9008
3452 4996
9441 2033
4031 1780
6296 6929
5512 7134
8494 2579
2210 1720
7390 5215
1962 9530
6689 2592
45 8804
223 7752
9186 5084
3231 7606
1949 9428
8830 2544
1081 7529
2981 3242
920 8953
863 1119
2996 8768
7578 2336
1847 9738
8381 7722
1193 1461
3482 103
1720 4227
2033 1179
9441 3958
5663 838
8013 2092
6465 2079
9738 3002
8112 3211
2955 7479
2415 265
5253 3312
6131 5640
6621 216
7824 4883
8860 4024
7890 4905
8450 6090
842 5132
6929 783
8494 3132
9332 375
1308 8454
3947 7617
2274 9585
1986 2878
9178 8302
7834 6742
436 2491
2739 4380
4879 2335
7341 8515
7337 2908
9454 396
9510 4758
7438 8043
4402 5346
7043 2133
7526 2875
3166 5522
3231 175
317 3027
5432 2163
2366 9181
2579 861
2844 2255
4618 4249
4649 4893
1780 9490
6929 4151
1790 9593
4023 4601
282 2932
2906 8396
768 8812
6856 7299
8283 3730
5856 8687
9119 700
6112 9607
6827 4430
3461 7302
3730 566
5312 8544
5921 2953
606 8631
622 9415
9499 2315
6899 2062
767 4100
2571 3779
594 9698
9181 4477
5613 2113
7337 7163
8834 1035
2214 2963
7128 6433
5958 5629
5512 6715
4553 4066
7532 4626
8503 3875
3642 8011
9178 2208
2061 7481
7626 2442
8307 1418
6828 1225
2662 7377
7156 7082
9332 4212
9698 7192
4723 3790
942 2084
7698 4622
586 2151
622 2393
8381 6903
3874 6878
45 689
3405 3432
9638 7992
2200 155
7300 3824
9638 7809
7597 8470
3947 2915
1810 7296
4677 1454
7265 8194
1225 4582
3162 4920
8716 4316
2583 6567
8515 7177
8944 7419
1661 293
5359 9004
1384 1914
8494 9737
6053 69
1329 2481
2363 7946
5238 232
4626 3308
6479 1078
270 295
8236 8203
7336 8206
749 200
931 8920
2474 1363
9253 2951
5496 3948
1358 7516
6664 4623
942 4486
769 333
1622 9034
5231 3785
103 5043
2908 4637
8467 2532
1306 625
419 4342
2366 4385
9304 4221
1346 844
743 4464
3355 8582
506 8340
1721 353
7533 3987
8470 2027
8023 5733
1461 2968
2274 4421
1329 4203
2363 3749
2683 194
8687 5527
2834 8848
783 9543
5549 5258
4420 9230
8634 8443
4758 3938
1650 6930
7336 4459
3790 1059
2579 4842
6621 3361
9056 4028
5527 3364
2872 9731
4923 6712
2495 9651
2061 1702
8646 6875
4464 3338
526 7295
7958 8750
8750 2538
7211 2851
3132 2278
1267 231
6930 3849
1193 291
721 7473
7701 8849
7140 8166
4023 8154
1295 5271
1953 9751
6715 6792
6006 6253
4426 3254
3907 3498
8241 8810
3656 4768
1863 3243
1552 6223
2180 4337
7603 7051
791 1001
1454 1909
4619 5302
9585 6557
9082 7741
7573 1981
566 2367
6162 2114
4582 5370
7336 305
3938 802
3242 3100
3478 3943
9660 7811
526 4802
7573 5939
492 4271
2442 6704
5645 2420
4213 5611
6428 1730
5141 6531
236 3771
9620 4594
4018 4645
594 7204
7138 2880
8429 968
2968 7873
3926 8726
6223 7462
7966 8816
2117 8124
9638 1371
7154 532
9518 8130
67 5377
8816 8278
8953 5179
8340 2413
231 4664
9155 6560
7834 7663
8716 7975
7166 9286
4271 8740
4402 4711
436 9480
8802 2761
4142 7913
964 8335
1981 339
3849 2901
7678 308
6814 6907
7462 8887
990 2696
2333 8505
6685 5913
7698 3933
9030 4940
3758 8567
4464 2058
8023 8185
1832 4143
2875 5178
6878 5354
6787 868
6441 3016
5592 5482
965 9650
5731 3918
1771 9397
7462 8979
2592 2054
1035 943
2495 3090
1346 4903
3338 8664
5043 131
9698 3533
8450 9506
7244 165
7129 7444
586 8914
1644 6866
6208 5345
1803 7092
5215 6362
4430 5614
8651 1830
1304 1959
1260 4061
6688 31
7920 9094
1959 3520
7992 6508
3338 8186
3231 8301
5145 6807
4143 972
4307 775
7498 161
5877 505
6111 7717
8340 225
7890 1996
3691 9024
3684 8089
8124 1523
2872 8786
6689 1631
2813 8430
3188 7125
8695 5445
9428 5199
5690 5775
7302 239
5345 9399
302 4580
4908 6209
2437 6273
6231 13
7660 3315
1780 5812
161 7970
7522 2732
4430 4613
6376 6888
3350 4286
4744 1022
3534 1303
1955 2883
8477 2457
2739 7006
383 1486
4768 733
7174 3763
6531 2109
5181 3296
1730 591
968 1975
317 4579
8815 4693
2662 3261
2278 8369
1631 4217
3683 1212
3100 7130
8228 6605
5199 8580
8545 4381
9191 401
7529 2431
9607 5294
8582 8438
4794 9052
7074 7052
4619 4330
7474 3529
5312 1885
2571 9515
194 1831
8686 5968
7128 8343
6903 2869
7246 9348
2424 3066
4736 8517
13 9320
9532 2864
6581 2905
5921 1102
4553 3174
1641 6435
1523 8116
3468 7213
6785 5655
3790 4572
9328 3302
5787 9527
2109 1039
1177 9275
2431 7360
3174 5469
2255 5385
2427 8890
380 341
6866 8773
646 6295
4802 5681
3451 4585
3461 2342
7811 8591
5592 3238
1830 7467
4342 7685
4351 1836
783 3720
6414 9173
3243 4335
4353 5026
1647 8090
2692 7942
6302 456
9428 8251
2393 5412
2732 5339
8943 696
9756 1437
2932 2063
4592 5399
3732 3876
8196 1968
5496 9007
6780 1997
291 4346
8032 799
3730 3233
9328 3818
6361 8453
7110 6205
8305 2127
4402 6206
775 1550
6531 8461
3785 2874
7110 812
8951 449
3364 1323
483 7671
1466 2229
1295 4967
9708 3727
6793 2535
2180 6663
7195 3628
1057 2613
2500 8839
7873 2943
4725 4896
6827 8060
2342 6282
6557 5874
3405 6321
3132 4384
4364 7038
7516 95
2473 8555
4955 3893
7341 7798
400 3407
4460 7193
1804 6741
7527 7338
2491 7146
2906 7719
2675 452
1914 503
1181 5058
591 104
7719 2111
4664 2297
1949 7283
5877 6191
4831 6810
1847 4822
2366 5293
8740 9439
7206 6277
2738 1429
9030 4093
3338 6389
4723 4535
4580 7545
1304 9450
9128 8731
2864 6400
6400 7445
1022 9730
8567 186
7798 7345
6205 413
811 5712
5958 150
3882 3673
5312 6680
1308 9434
9591 6727
973 7726
6344 322
31 8831
4040 866
2874 829
6441 3566
6037 8111
239 6553
4182 4960
4353 6569
4118 7115
9012 4309
7533 4483
5549 1491
2297 1713
8750 1125
3529 4011
532 1109
3028 3080
8301 1471
3790 3858
7717 4504
931 5892
6282 7117
5663 2782
6450 3906
353 8895
371 3639
8497 9268
7698 2015
1193 3503
6321 9547
8343 6666
9290 6067
492 3625
2277 1290
2932 158
9420 993
4711 3072
1601 198
749 1426
4202 3962
5479 8724
186 4411
1997 1259
4217 3414
3676 8348
1323 642
4151 5127
5058 1364
3254 5497
9464 3781
8396 235
1631 2013
622 2699
1831 3078
865 5489
4930 1565
2260 2239
5971 8240
3594 5543
3701 2192
293 3479
282 6542
5845 952
7652 4452
8186 2378
1466 4365
8503 4916
5497 1657
861 3456
4736 8919
8186 4715
1704 8086
5385 1556
1550 5331
9290 4853
7992 2482
4202 8823
9543 7203
1122 6007
6028 9343
9268 5408
7371 3694
2696 5750
4952 4003
7617 4494
1565 9718
5294 6801
6150 8542
9441 4792
5623 6989
6028 4037
4594 2942
3594 4977
8944 5739
6483 8845
4420 4436
133 6401
865 8703
3028 8511
572 738
4175 1467
4903 8412
5086 1678
3720 6484
7626 3342
857 7504
8454 7411
5629 9124
3361 70
5113 9422
7516 1110
3364 692
2834 2441
7467 6894
2442 1519
3173 9689
4003 9468
2332 7424
4580 5060
6780 2153
2079 6561
5748 554
7206 9364
8083 2225
4725 7933
4003 8924
743 5999
7466 9354
4212 7408
9532 6281
4486 8068
270 2377
2491 7756
8944 4646
1461 7588
8147 212
4011 7670
5469 3058
4037 8049
1955 5298
5482 5440
5496 1439
4622 1616
5892 5134
9155 9382
4346 2836
1471 3474
1657 4966
8303 7525
6484 9233
2474 363
4196 9064
4955 1701
456 5314
4920 5898
6661 9442
5549 3216
3382 4551
3330 4376
2500 9697
5613 6833
6780 5087
186 9541
6928 5452
513 8573
77 4825
775 3493
4623 825
5522 4246
7052 2011
4585 5230
8023 119
5271 7805
3035 2556
4467 2654
1444 6527
2869 2322
3566 8633
9007 7510
8890 8822
2297 5108
8542 4345
6994 8965
7817 8245
3166 130
594 4703
8130 8318
9543 1417
8815 6538
6387 3062
566 4506
8944 2566
1078 9483
6623 3161
4579 9460
5719 5214
8060 1945
2739 1427
1323 7897
2312 1044
319 1421
606 7643
8542 6610
8831 3817
9156 2522
7467 9011
8661 7944
8770 3797
5755 4911
380 8995
2113 6099
2981 3030
2109 4055
2931 4957
2582 1415
5919 4595
5795 1682
9499 1835
8086 5236
2613 8114
1439 7666
7467 3499
8802 8361
5215 9032
6623 5384
6268 6181
8890 1889
5739 408
5026 4299
8768 6722
4364 6371
7467 7818
7809 1402
4011 4856
2843 3141
4484 6747
9629 3245
9354 3034
4307 2131
6007 7776
4692 8380
8511 7223
8503 3344
3673 9401
1384 6445
8582 7076
2996 8007
1313 3341
2084 9427
4601 1815
1668 5757
452 2266
9393 4678
2013 6392
6912 41
4957 1584
8443 1443
4653 6644
8142 8020
2556 1449
7466 9521
6797 49
2648 3734
9415 4686
6209 5441
8142 8855
8512 4807
7601 1905
4619 7121
6445 4961
3479 727
7573 8583
931 1816
1451 6519
2662 4655
4812 8531
3479 8507
9328 6615
8090 3711
4028 2578
1415 1655
9013 4184
4812 8529
4371 3140
2260 2384
6150 8230
1078 7414
363 1478
2959 1825
973 3622
2229 254
9607 6341
7315 1469
3758 8966
5907 6518
494 179
4677 8076
4693 5106
419 7201
838 6837
4299 102
8401 8663
2151 6093
155 7909
4622 7714
3035 9301
7778 8449
4005 5475
5812 251
624 8296
3980 3843
8724 5323
2613 6735
7211 9469
4647 8916
7529 7395
7299 1963
3945 2325
3341 3055
7660 1574
1968 34
9332 497
412 9028
2963 3227
8207 5027
1720 561
4430 7019
1097 5890
8335 5015
3184 4729
842 9072
2931 1447
7545 7788
2274 8710
7213 1095
1730 796
3520 2608
5835 6916
7588 4183
310 1689
7414 906
9082 9093
1095 5508
3364 7712
9483 7101
3861 6926
466 7475
1102 6501
4335 1262
8511 3067
5399 5970
4467 8677
341 5001
9087 8304
4896 5454
6450 845
9595 6187
2732 4318
8507 1094
4630 7830
7698 6316
3684 4642
8848 8596
2368 5183
6191 6572
497 5071
1057 5461
5236 9376
9751 8455
8278 8424
868 730
7722 8585
4893 5625
4100 6655
1962 6422
1661 4650
4196 1557
4967 8189
8175 2818
4642 15
8512 3354
8195 9071
7038 3890
8770 4253
5346 6573
6201 2524
7019 1515
968 7631
257 3267
6644 3521
812 3766
8454 2407
9186 8521
8205 8520
8585 8523
2249 1318
3701 3621
2442 9369
7272 4604
5179 5137
4792 242
4253 4102
4061 9686
8695 7531
1830 2319
5445 75
5412 56
6341 9753
1810 7151
844 2158
2111 3900
7467 4929
1100 6528
3261 9130
6346 9076
8773 8720
248 176
7177 8456
4217 3887
5655 9379
2905 8769
3849 5580
2180 2326
3875 4621
7481 2188
8089 8400
7652 1489
8831 8798
2011 7451
2690 9241
7913 9542
466 5987
7752 1412
5231 1368
9369 1609
2474 1948
942 7139
2297 2324
7828 3835
8710 4707
2918 2070
8375 9699
4307 3318
5000 7114
8545 760
1519 6317
1968 7799
1135 7657
7498 7449
7865 4455
8914 148
8307 6419
863 8578
1885 6496
9013 4708
3953 7544
8631 6455
4203 6233
1968 7402
9719 6214
2813 8926
3825 2575
829 1611
8944 6658
3055 9725
6623 2570
1120 5470
906 8376
7146 2498
8412 717
5522 7703
4513 6745
895 8208
1454 3838
1212 5197
7097 4704
6928 9722
6376 6252
1110 7102
1109 4240
5123 4641
2467 4934
1644 2764
4957 4263
6192 3284
8363 2168
7801 5148
3355 8989
4932 151
791 2935
6727 1690
8890 6509
6233 3462
7116 190
1953 3767
3080 9553
4858 6174
4558 1232
6422 1988
2283 4190
8443 4813
4934 6769
6722 7389
2054 5190
6688 2212
4263 8973
692 2334
2667 666
5536 2815
7006 6421
8083 5116
2409 6328
4707 9285
8115 4938
6638 2513
1830 7528
3727 8316
7146 3573
8924 1464
2335 2135
7531 3486
5293 2706
3030 8484
9004 808
9527 2839
175 736
1863 5914
7481 9668
857 6909
8049 4584
4572 1977
1550 2463
6104 6983
7485 8739
8189 6461
8348 5369
7529 1563
3648 9409
3734 5991
8531 6924
2839 8201
2441 4662
2417 4060
7801 8563
6617 7081
749 3726
1555 2982
265 1231
2158 447
2648 1046
7818 8419
5178 874
9422 740
4938 6556
9093 2091
5298 7558
7102 4258
7525 8379
7626 9331
4203 9260
9439 9208
7770 529
775 8342
4977 5607
2532 6245
3119 307
363 3411
5475 9031
4251 9196
8679 138
1704 8378
8219 8917
7360 3863
3711 4098
5043 9528
9553 1782
743 3560
6921 1731
8228 6677
2442 8135
7354 2447
7671 523
6321 5895
8860 1104
9493 1355
868 157
7092 1215
1678 1895
2738 6185
2608 7008
1306 3977
9348 4899
6833 5049
1262 628
5795 8420
8401 3203
934 2926
7389 1130
1109 5903
4715 2860
7510 2215
2947 6148
9439 3053
4222 1186
76 2800
7451 5662
9506 4728
1524 335
3302 3513
4105 1465
9420 1717
2883 5066
1371 9133
7345 4382
6518 1230
5720 3409
2016 2318
6896 4423
8186 1878
6192 9531
1609 2789
9340 4465
3566 5157
6810 5746
6810 6269
6455 2162
6192 7876
3890 1793
5122 8425
4234 3754
6465 6946
2180 6224
5049 2465
7116 7383
6899 4431
1466 7005
1524 1251
1967 6686
4464 6691
4666 215
9155 2010
9320 5353
4328 199
6091 1293
1565 2034
5527 163
5266 7723
1203 3160
4190 7307
5787 5768
1022 5387
8810 5996
7125 8334
6020 1139
4692 4777
3843 1976
4467 4367
188 3265
9737 1761
3067 5695
3521 3614
9737 7800
1544 6979
2926 8673
2467 3735
9718 4574
9052 3742
6518 1910
7596 3950
1780 5094
1368 1894
483 3940
307 2638
6472 5451
3254 9564
9699 2724
6253 1045
1976 1060
7890 2792
276 5579
3432 3121
4175 698
3364 8421
2764 4035
8903 8508
3732 8022
2532 9572
9012 42
1720 7357
335 6125
7955 5725
9508 7398
8653 3834
2200 5599
6888 8642
9072 9720
7166 7264
3330 6583
3342 8771
6148 9311
768 3048
6523 439
3639 2991
783 3828
307 8684
4822 9400
2912 2134
7129 1983
6655 8373
8724 428
3203 4314
9124 6844
9076 3718
2764 3983
9420 7502
4758 7429
5214 986
8453 9735
4055 5976
5016 4206
6330 5502
5293 8738
1454 9339
700 113
232 5830
6131 5131
4619 3115
8456 3134
427 6631
3628 6876
4896 2591
4580 9101
4884 757
887 1455
7777 8121
4420 1583
4859 3788
7128 3101
6031 6354
7264 1457
6371 878
1417 1015
9442 5083
8426 8795
5732 1533
9434 3604
6894 9292
2791 1740
883 2990
6899 1298
8752 741
8944 4472
4371 4638
9691 8091
9128 1928
2109 5577
3227 4425
4258 9163
993 8971
7130 6426
2529 2145
3720 1010
8142 1088
1925 9396
5060 5203
5027 1679
148 9175
7006 6574
3432 9136
2273 2365
8860 5682
2481 26
2571 573
8580 2997
1110 7291
2839 7864
9737 9150
1412 1626
5913 3590
77 1646
9012 2568
4513 329
4279 5045
7117 8609
419 8329
7163 4793
6090 2086
8941 6040
4156 7609
8121 5616
566 2606
2492 1853
5377 7277
8890 1269
1454 8835
2135 2737
7970 7759
8521 1188
7521 6988
3825 9747
3673 5351
5498 3378
1177 6937
8531 5192
188 8462
8114 8799
5049 9185
2864 9248
9211 9065
8839 2237
6006 3259
6138 5989
3382 1067
2297 4681
7360 5415
5192 7242
9190 2110
5996 1722
436 1448
1668 885
6496 7771
5419 1920
7955 1837
3533 1199
3711 6221
9253 6758
2212 110
3730 393
2642 4326
7411 5998
9468 8902
1448 4085
1622 3398
9076 8614
1457 8222
1769 3516
8578 398
3843 784
2839 4432
8154 8108
7671 2679
1108 3471
8429 9467
5215 1428
9530 320
6907 7628
3695 7571
1989 1923
1162 6117
188 6458
9450 2209
4653 1246
3428 9755
1088 1615
9667 4059
5454 6289
6925 9035
7728 4986
4307 4204
9542 8233
5864 5487
4425 7049
4899 3769
3053 5717
3684 8792
212 8198
4905 953
9686 2586
4213 8899
3727 746
1181 4290
5131 7025
5440 9663
1421 4906
2274 3311
148 1600
3062 4352
4580 4811
1600 9549
2818 8967
8494 3870
558 2742
2876 8292
428 8757
1437 7187
9527 7782
7653 6493
7798 3784
692 959
7873 169
5452 1063
9178 9283
5755 6806
7377 5794
6389 5883
857 1538
6111 3139
13 3426
1046 1751
6376 5208
4986 6857
5106 6244
34 7185
934 1917
9510 4134
7617 2094
9409 5965
7944 4448
746 782
4642 1547
5592 6703
3164 6535
8089 7332
7596 8697
3621 9612
9093 1714
3474 6609
5613 5842
6722 1164
4920 4605
5199 4410
5419 6651
5324 4762
3216 9132
4654 5674
3428 5531
2931 6260
4797 6347
8795 2152
7766 5260
6907 4260
2318 4236
9035 9567
8576 984
2782 2888
2465 228
1616 8813
1601 1236
7419 3390
5137 6764
9128 3
1975 2967
3141 6974
4364 9410
2918 2596
9087 2100
4905 7572
5286 7700
9427 6836
6561 7658
9706 2433
4654 7375
2947 7850
8361 4473
1674 4368
8241 4749
4452 2618
7602 6410
5883 6183
7156 9161
8591 1839
5470 3437
5113 136
169 3994
7341 7530
9468 4171
4664 8113
8542 936
5015 7513
5236 911
920 3702
7670 7084
9755 3399
8429 1399
1730 7806
2393 6199
2342 7238
5412 3225
5183 5947
1810 7934
5822 5401
3534 1929
4930 8729
3 9569
7179 2986
1657 7033
2215 688
7545 6886
7766 9748
2117 5030
1044 109
6067 7093
2110 3447
1605 1404
7946 1294
6528 5348
4309 5073
2086 98
3621 4112
6136 7054
5755 6965
1997 5365
2363 7746
3695 4133
3906 2681
6878 1568
6704 7977
8768 2412
7953 9184
2618 820
936 5109
2864 6276
6542 3539
2120 4113
8376 247
9163 3114
2417 4528
7631 4589
4204 7037
7617 4495
4286 4810
2110 451
878 4214
1428 4325
1057 3091
7402 9498
3763 5277
4402 4503
8914 6219
2905 3244
5401 6895
1448 2820
6745 7926
4650 1801
5985 1970
2679 6646
7885 1183
5353 498
8768 7144
49 3288
76 1859
6661 9671
15 7791
738 5193
8869 3986
2111 4295
1878 7785
4664 967
4100 2030
8830 889
6722 1494
1616 405
6205 294
9699 5802
363 8551
9382 5388
7114 6210
228 1573
7398 9309
7390 1175
3311 1117
8380 3023
3862 5699
1720 7369
6925 6145
1538 6643
6528 6047
3203 8258
8222 6891
2120 7843
6965 4809
973 7316
1769 6757
4049 4150
6231 6460
1046 6039
9008 4047
6655 4344
2981 8459
1976 813
2596 6755
7970 9582
4692 4877
1769 6234
4023 3246
1183 2456
8468 5164
9569 1012
874 9059
4040 3235
2441 5765
5482 1907
452 1958
1399 6355
7366 585
4664 8861
8710 8874
7213 6612
5739 6789
4305 2543
6347 3588
7398 9176
8830 8674
4623 4657
8206 5918
2180 5865
8523 4135
3730 8393
2991 7649
8175 1903
3319 9596
5508 3703
526 8997
8798 9115
6664 8611
943 9252
6723 1939
6745 2422
7449 8065
6509 7981
5106 2007
1251 4339
1060 9702
4622 8862
4654 330
6994 6829
4184 9363
4246 9727
2901 3813
6117 63
5487 1118
1404 8058
9211 5621
967 4593
8453 5217
6643 789
2016 2155
9400 8231
5134 4324
1784 1223
7005 1068
1110 9576
8340 3708
5388 932
6328 6499
447 2154
6362 6597
4376 4661
1996 7594
291 6783
6344 3616
5903 4091
4708 8416
8802 8723
868 9538
8380 7423
965 8254
1415 9009
2158 890
3140 1779
6104 6805
5802 2523
5106 5602
4246 600
6567 7507
2447 1407
2814 9256
1306 9678
7850 385
5580 867
4345 8602
6376 3789
4324 5933
721 7576
6753 726
9304 9631
1962 4327
157 7404
6455 6635
8381 9586
4725 6729
5508 937
9320 4188
7722 59
1953 2819
6810 9425
4662 5241
5497 3846
4622 4869
7603 2020
2400 7145
726 1158
9706 5841
1267 8892
1609 8504
3673 773
1839 478
6631 9590
4091 9259
5802 2104
9499 4524
7038 3334
4592 8871
1057 7773
7337 1775
5923 4444
2789 2552
9369 3544
9184 755
3834 1470
9521 8093
3486 9451
9591 9272
8083 3392
375 9321
811 1043
4204 1850
4376 8384
7966 7090
9493 643
3344 2669
9056 8132
2333 1778
8142 3682
3554 7554
302 7681
9241 5636
6233 2484
3639 1546
2524 9039
5432 5347
3766 3039
7102 1320
3843 1152
4735 848
7746 5920
6160 6411
2015 3965
6053 3005
7188 7109
7043 7725
2139 5372
8815 3406
8236 1136
5822 5520
4352 2802
6685 2198
8020 6077
7714 1271
6712 3021
330 5664
4328 3178
9499 4576
8739 7820
5302 8690
9531 6024
5543 3653
8318 5350
8686 1521
8611 5121
7728 2965
586 3932
2693 5887
6729 477
5918 1756
2888 7443
9467 6120
8944 4985
4028 2787
953 3911
850 3889
231 5942
1454 4294
9718 6044
3835 3443
746 8885
3478 1592
1925 4300
6677 9457
848 678
8591 8733
375 463
5286 4876
4553 2866
456 8541
4601 5990
865 7219
7429 1283
4368 8923
2662 3567
8973 5853
5479 3555
3302 5526
7051 5809
5164 4567
7681 6959
4704 3581
6493 2029
8058 3165
3165 9318
7652 691
8219 7581
6727 2848
2192 8337
789 2687
2955 8568
5868 461
7738 9296
2997 7262
4997 5786
1929 2042
6401 5595
8154 5846
915 1019
2582 4862
2538 3046
5531 5756
9645 7729
3701 4267
4579 4254
3784 8182
8710 2551
7788 8741
5388 7656
2875 5471
7239 1726
3893 2170
8154 1886
8455 5932
4171 5685
70 8678
293 5722
6876 8637
3209 7696
1515 5289
1486 5587
5260 1572
8511 724
2139 5288
3119 9688
6688 5158
4920 9676
8363 5823
9286 5394
5043 3068
75 8418
6785 7085
5084 4778
7193 3008
1668 2564
9354 4689
6758 3274
5071 7819
8839 7368
1853 4826
1815 9640
1751 2758
642 9522
1521 71
7571 3934
9410 2350
9543 3257
5611 1115
8585 9213
5109 1673
4477 7027
2638 6775
6703 4131
6899 8457
4473 9347
1782 2707
9311 187
2456 7124
1068 7769
1646 7486
5215 3415
7163 1520
7746 5798
2568 5036
7129 4454
8686 7580
8340 7832
714 818
5958 465
4549 8021
155 468
8380 3873
5487 5554
7097 5074
3763 1023
848 9487
9253 7248
1081 9262
2084 7221
7371 8628
1816 824
3359 5416
311 4067
1044 7387
4808 6957
3893 2185
6715 3492
7221 7095
2982 4045
1987 9108
8418 830
1679 3123
5391 6592
9343 7711
3622 4754
6501 172
6216 1079
7782 7091
7144 5610
2260 6313
4960 8925
8816 5381
7609 7553
7458 4945
3039 8202
2413 6699
6401 3408
7091 1766
4049 7565
9722 6314
2538 1926
7037 3609
7850 4643
2570 9623
7873 1214
1878 3881
2638 3717
1095 2743
932 2348
5083 1190
5890 5872
3784 6397
3734 481
7128 196
6764 6170
7809 4697
4444 7795
592 3124
6715 6707
5574 9703
8944 7190
8792 8636
1903 7902
310 5032
1731 3014
3311 7314
1136 4057
9691 2749
7377 4631
1616 8368
5959 9505
1232 6726
2405 8048
9163 8990
7305 4173
8497 819
7185 4625
1323 7921
7966 6944
1773 8581
3602 6345
9115 8155
3211 1791
2566 1842
7532 2038
1188 6367
9064 2617
7341 4855
7277 5325
3235 2408
8614 7160
242 2665
1318 8437
223 1167
7305 3913
5066 3071
7095 3336
4660 1826
7213 6970
5886 596
6868 5807
4777 6274
481 6228
5522 7860
4402 1575
5809 5656
2420 5172
5445 3309
1889 4757
3407 309
2377 5723
1646 2816
9364 4115
1236 3326
9543 3670
1486 9456
8494 7010
9638 543
310 6105
363 6284
6777 805
7336 288
733 7499
6228 6267
5756 7014
7117 250
7860 8692
8873 9144
8201 3687
5074 6469
7591 3388
375 5904
131 1539
2508 1700
4911 6915
4822 6696
4641 5915
9275 5159
9549 7352
4985 9
9309 752
8132 2243
1478 4675
3337 3617
3337 6624
7723 5609
6245 9116
1295 5692
5238 1420
4862 4485
2955 1786
4528 7477
8651 2398
1700 4696
8835 1252
8468 2988
2617 4554
5748 8852
7970 6879
1181 5201
2117 5274
1601 6159
2683 5652
1298 7679
215 4596
3071 2313
6957 415
3216 7468
6661 7418
6428 2933
6316 4201
7643 2829
45 4900
4351 5284
5892 3145
7371 8986
5137 7623
224 5704
7953 7856
2014 3006
5027 6962
9708 9238
5215 6873
7565 7511
5277 5196
1981 6594
8542 7985
4023 2267
5599 8144
7864 7346
874 8051
4630 3096
5720 8014
8269 6874
3958 274
4091 6050
9130 9235
4655 8005
6145 560
3656 3678
4351 1195
7819 418
3016 2184
4115 5367
5354 1291
4464 7579
4945 7607
5664 6348
9379 1934
8065 2546
628 4527
5401 2076
4825 4082
8121 283
7404 3643
3503 9535
8007 3041
212 6418
1478 1206
7602 4709
8637 117
3216 5474
9208 1382
7097 6140
1842 8273
4003 4904
5807 1176
3294 719
7596 8749
9233 2140
1059 5881
2965 3547
6041 2766
640 9643
408 3156
8831 9374
8684 5244
1079 4132
1021 8767
7698 91
6458 2341
2027 8755
3336 3780
775 8801
8086 7161
3032 4536
1338 2640
7766 5677
7019 612
8230 3507
274 7225
41 1133
1700 6511
5479 2910
503 4881
9399 5100
3656 555
7828 5557
4937 4848
9256 1760
799 1805
3953 3808
2162 725
2062 9380
2280 7330
6206 3973
6151 2160
6028 5143
3614 90
2665 7323
3428 8974
4382 7487
7377 6820
2400 5097
2467 4329
2038 4417
1810 1698
274 227
5527 860
4662 4745
1550 8682
1825 6390
7238 5873
1491 3015
5835 5031
3771 9267
380 1434
3676 3000
4605 9335
8230 3666
4938 3894
3041 3762
5971 6961
5036 4288
452 7370
2818 6169
8596 5089
6313 4980
5991 9212
4896 5791
3053 2902
8273 8270
3597 9228
4417 4127
276 8737
8245 3490
3209 2072
6661 8942
3666 8026
7526 4205
5786 394
5268 5724
3573 4817
3906 1823
7658 7226
8581 3728
2188 8554
7138 9472
1471 1284
9393 833
2687 772
165 4422
8380 8168
2675 9239
7756 384
3135 9044
1382 776
9420 4949
1181 8355
1467 1410
4133 6089
288 2553
2967 4706
8995 4336
1584 213
8585 1285
811 903
6267 9206
6133 806
1780 5011
8124 1866
3554 8435
451 7237
5415 2664
8292 4954
2753 422
4035 125
8860 9523
1186 2660
9586 9721
3005 4658
2568 3960
7571 4087
1464 4306
2076 100
2319 1918
9388 9677
2606 5235
7337 142
5965 8751
4131 9269
714 6394
692 5926
1283 2521
165 1479
2791 9346
1955 5150
3943 3705
2915 762
5258 1924
7304 6381
4326 2803
8609 3795
8674 344
398 2078
5001 6378
1284 3389
8225 4668
172 1137
2873 7976
4495 3961
9211 6332
3392 5424
8874 9752
6957 1142
1451 6955
4802 9696
2417 3402
6655 4587
1022 2
7609 9291
852 7814
4137 4136
2707 3065
1557 5264
3907 6227
1417 712
560 6525
8517 304
1690 2541
2469 7227
385 4264
8376 5395
7580 5588
5704 747
8108 674
1177 7495
6125 331
157 7586
6191 9313
725 5826
4479 7120
7601 171
7741 4287
1863 8991
6099 2722
4005 4077
4203 7813
2869 124
9348 3434
8515 7269
7095 4640
9468 7063
113 9041
7558 6439
6727 6520
967 7412
2878 2295
1454 8797
4675 690
131 7523
5991 4303
4862 5343
1976 9679
717 6190
5158 4374
799 6194
7588 510
5580 1383
3492 3241
2931 2373
7116 7482
6093 3591
696 8785
7375 153
829 4359
483 5
6944 2771
8555 359
4344 1738
4234 3074
4093 9067
1622 7524
3408 2372
7389 7050
6091 4624
8443 647
2814 7599
9753 7691
5846 3804
3096 3226
8348 3901
6031 8904
4299 9539
6231 2125
3835 1228
9013 8272
3225 3509
3188 8016
9292 5902
6753 7640
4706 5995
8749 8898
6223 7682
1254 4861
7110 479
9530 2485
8195 8669
8245 6668
9397 86
3398 7234
1081 5934
2552 5125
863 2470
8575 346
6538 704
3499 8346
3994 670
2739 4636
6252 116
2541 6885
5351 4319
3235 5409
4003 8357
6345 3927
4631 8092
4692 8210
4087 4733
5323 6588
1949 342
2332 7919
1988 7546
3945 9114
5829 4518
3701 6512
1572 8390
9024 6139
7269 2776
506 713
9331 5817
3911 1874
3932 2004
1894 3636
3161 6721
3701 3839
8529 7048
481 5741
6871 5322
8965 7157
8953 3612
5613 2733
7578 9750
1552 669
829 6021
8914 9723
9753 202
1889 6318
8585 5754
8923 5003
6047 3417
9185 8213
9052 3764
5289 3320
8720 8428
2134 2262
3892 8078
5874 4224
2951 5379
4031 6987
7063 2861
7081 7747
5985 2703
5746 7123
7599 583
5757 598
5452 2615
3227 8936
9211 4787
8591 1510
4624 9342
8213 933
698 2298
1773 3057
6418 3607
1523 9486
1494 8993
8724 3149
9064 7775
7606 6107
8459 3335
3121 9074
3567 5044
4745 7994
6594 8901
8124 2565
2145 9121
3062 607
3035 4951
4316 8524
9321 4493
5674 1405
4648 1745
8361 8911
3808 6992
4725 4388
8678 3395
5681 8134
1791 8392
9039 835
8642 4281
8785 2426
6428 7167
811 8820
730 2182
1644 6578
9 2126
8873 4987
1704 2916
3694 6880
1199 3661
7875 4081
755 6619
2441 2879
2029 4796
5823 4943
5046 8807
5451 1978
2322 2714
1701 1073
2312 587
692 792
8121 804
3958 875
1779 515
477 9165
70 5772
2592 3082
8830 2939
483 8999
7487 9516
9044 1577
6661 9188
6221 1099
6020 8652
8690 7968
4778 7480
1894 2775
6433 377
4623 2827
6609 4375
6313 3163
307 4320
7701 114
6345 8397
2521 2702
7370 6259
3244 4628
5244 7169
4473 8215
7795 5706
1830 3822
3201 4779
2424 686
7090 7143
622 8394
2742 1774
212 930
4346 4776
2495 6437
5947 2443
8997 923
4316 4603
2070 9237
6612 2536
124 7254
7369 7388
4585 9754
5181 1595
868 8491
3744 1930
5388 3650
5415 5492
4352 2150
7580 2446
8043 9584
6592 5160
2953 6932
1193 9263
5616 6867
746 7293
8342 635
4423 4200
7685 7686
767 8994
1125 8566
4127 8232
6668 1216
3602 4913
844 8930
7371 1685
4506 9544
6597 7427
8816 8601
9237 4700
8360 1113
6930 2119
8205 5014
3053 7131
8581 528
225 841
2011 1143
7177 1531
4464 4818
1019 7689
6961 9670
3402 7135
8048 1334
4116 2380
2500 7563
8554 1785
4954 913
483 4863
3341 703
8484 1128
8529 9345
4261 2845
4876 2893
7411 3117
3779 715
117 9503
7554 4799
2690 6544
250 3137
9346 66
3399 378
8278 6743
3474 7317
6031 97
2 297
1406 7784
8303 5552
6414 2747
769 2625
4810 3042
8208 3031
861 1475
2319 6941
1384 9189
4647 2569
5419 3511
2747 4377
7643 1380
8924 7281
8430 534
419 6654
643 9470
3407 6055
3284 1906
2084 1150
2393 356
866 2937
824 9407
6214 8444
972 966
8679 3644
8563 6309
2707 143
7109 9537
1577 1485
5474 6124
302 3070
293 6486
9196 8190
712 432
4167 9659
2192 1302
3961 7943
6276 8540
9586 315
1958 3010
8343 5034
2324 485
4303 6415
4320 9261
5196 856
295 9042
784 345
830 1956
2188 8325
7824 3731
3983 881
2076 2177
7609 7969
9631 651
7723 7927
7330 328
7711 9029
8251 1314
3355 6648
1785 6975
897 8077
5439 5435
5286 695
2140 3230
4287 6730
6696 1625
4131 7013
5150 2199
1043 1258
2905 1037
8083 6784
7341 1964
3810 8948
5823 919
715 3060
8555 5493
8258 9126
2553 6103
9698 8850
3240 488
1102 681
4425 5770
6419 3362
7134 8162
7395 1472
7146 5240
9420 88
4792 3477
3284 5983
6162 5033
6929 6739
9245 9606
7544 6530
5724 2176
8418 9049
5355 869
2722 2045
747 7929
8860 4269
3875 6195
8068 1723
5811 5800
6925 2870
8688 5163
2131 7733
9285 3629
1726 7392
5692 5749
4862 9653
4253 7866
9320 3182
5926 5777
647 5061
2916 1032
4288 9033
5440 1155
6876 2026
2010 8138
698 1870
4098 8645
8540 5128
3876 2164
4589 4090
4884 7787
8115 9254
5577 4475
4831 7982
6411 8744
169 1007
5527 5952
2377 5891
8636 685
8435 798
77 5844
4288 3215
5895 9122
7954 8249
8845 6188
4641 386
586 7276
3965 828
1889 8883
8222 3562
8505 2068
5268 4152
8801 7047
124 5678
8375 9492
3330 9075
8296 7450
4436 1813
6828 8351
6233 5948
7188 8475
9422 6287
4417 3444
1164 9395
8769 4719
959 6746
709 1468
4934 1487
5795 2746
7798 2711
183 3129
890 6385
7375 7334
8201 327
7510 3460
6814 402
9450 1386
2819 2855
2906 2562
2038 5022
4060 3740
8144 6404
5522 1238
6746 4110
3164 8572
7554 7229
76 2960
3591 7148
6050 2451
6381 2245
937 6062
9393 1082
2246 2748
1007 9377
1186 4404
833 5039
5399 5562
8477 8069
1646 4211
6875 6423
6757 3603
5060 5466
9082 9665
1929 8391
5475 7987
8926 3374
9643 2240
7897 367
8198 3799
8804 559
2864 3714
3594 4606
8716 1820
4961 951
7293 2946
9422 2998
7722 3159
492 262
1784 6301
3034 3269
7499 2894
3953 637
3078 1365
345 387
3058 8660
5452 5735
42 6545
4299 3301
7943 446
2342 8875
2947 3816
9451 7164
411 3725
5116 4354
5060 7589
1439 6737
4127 3668
6567 6257
345 8128
8965 3367
8757 6480
1761 7695
688 4492
5154 9548
9428 907
721 1299
2078 6863
3452 5781
6040 7208
5377 540
6567 1896
9665 6640
3140 8072
2982 2501
4899 5202
8021 1528
3828 6950
4507 1940
1044 2351
1181 9546
784 5547
6187 6065
878 9435
6157 4829
76 9616
2732 6396
7391 5411
6253 2102
9354 5184
8447 1516
1968 9201
1934 4051
131 9040
8116 8980
1698 4419
5497 4036
1509 1286
7532 5889
7986 5002
8822 9494
4613 7638
3828 7844
2866 7825
2905 7023
1125 4041
497 9349
725 4139
5158 5425
1110 3170
4893 3565
2078 1796
8751 7734
8845 1876
6191 8998
1563 3571
1363 5239
9031 1502
7586 4552
2982 3195
13 6852
5395 3757
7371 7632
3327 9084
4455 9394
8462 9685
4093 8064
3211 7949
5339 2952
329 3914
2139 272
5613 5055
1516 9517
5543 9605
2571 568
2864 1442
6162 1776
5084 4043
3468 8818
7791 2900
4294 9758
3718 9068
1695 6298
4263 6203
3732 6246
3209 1640
9186 3829
7014 7664
4173 5908
1471 975
3338 6981
9487 7068
9135 9639
9542 7212
3162 8516
2893 6265
5577 8096
2648 8187
2092 8010
8195 8698
200 1554
5554 7916
147 5729
6696 541
3604 9614
8729 621
835 6898
134 7605
1142 2801
5401 9003
8274 7951
1135 9525
8795 2460
9718 1020
743 4189
4980 7150
3039 4229
1766 5242
6965 3171
6623 2729
9049 500
1110 8827
7121 8655
169 7831
1510 7149
7890 7718
2902 3192
7919 2281
4082 1024
2176 5081
2192 7808
9007 9443
6274 1016
1177 8156
3534 3007
3935 6070
6807 8326
9397 836
2932 6964
9441 1268
7728 4361
8348 1373
3231 2428
3461 1518
860 3524
6970 5054
6111 7639
7839 1459
9535 3640
8572 6291
703 5068
6578 4094
4513 653
3784 5326
5531 4516
4539 1758
5768 5940
330 5304
250 3194
1117 958
3100 3168
2991 7382
7316 58
4913 4358
3766 7434
9342 7783
3308 7257
1260 5624
8394 2019
5610 7882
7929 5906
7195 3627
1384 2002
8426 9164
7167 3324
4503 3837
1885 7872
5388 630
5250 4360
1641 4499
6028 3707
6631 1683
7670 8293
13 5780
97 5114
5094 7534
2332 1201
257 2075
282 1064
2746 2518
2654 2032
7283 6092
6621 1833
4221 2762
7014 2012
6269 3655
1491 6969
9189 5604
777 2391
7473 987
456 9662
9405 4705
6523 7509
3032 3248
242 5979
2491 4875
7545 9323
7735 9088
4329 1893
543 2537
9569 2093
328 8844
5011 8217
1825 6843
3443 8952
8240 3157
3983 3278
2953 1737
6578 3369
4151 3982
4932 3924
1421 4763
4952 3778
6274 5173
6169 2179
9499 4030
7131 3582
8111 9294
7499 570
7992 4674
6783 4219
4960 7937
8378 7762
5817 7026
4794 6449
3717 4888
3742 4207
2456 5301
7589 9257
4303 7823
2638 3500
114 5228
270 7343
8454 6025
6260 1787
730 4615
7305 8286
8523 6036
401 6115
7338 2885
2675 9078
8991 6158
8078 5443
483 5851
492 6096
5892 3253
7722 4737
7360 5140
6787 4912
746 8364
9535 3688
3873 3570
2454 1904
7839 185
5388 9081
4423 6334
6244 403
6726 7186
5587 2471
1193 2452
5439 9496
6117 5169
5385 3103
2902 4070
5128 8481
9283 8931
3900 3059
4938 3133
3327 7306
1268 902
6435 4890
7799 5484
2861 2055
5971 9573
6273 3353
1142 3285
4637 6462
6397 6467
7733 9001
4587 5509
8804 619
1203 296
3123 6004
5214 3750
818 8560
3962 1590
9631 4050
945 4406
6157 57
8326 2195
9620 4466
805 2172
8329 18
915 4982
5947 3453
3544 7176
8677 4701
202 4064
5902 8761
7976 6838
7223 8492
8636 6132
4190 3198
8360 6576
776 6901
262 6018
7663 5151
8834 1416
9638 5229
8812 7560
4883 9073
9332 8558
1081 2044
1832 7386
819 8473
8573 8328
5822 8055
1471 3551
6643 7036
344 7661
9607 5194
384 5428
9496 5897
8207 2009
9753 3532
6544 1596
3253 9726
4758 2756
2748 2108
7090 8480
169 6951
9518 425
5266 3234
9494 6072
1565 1098
1190 2830
875 2018
5674 502
6955 7613
6195 3105
9285 7133
1212 8038
4554 3153
4954 7552
5381 4727
6573 7361
746 5878
6276 6466
1286 3519
2131 7384
8902 1168
3838 8987
3444 8550
3010 7492
315 2095
6194 8756
282 7007
6346 2292
7007 374
7685 3297
3367 548
4503 3917
7376 1875
4913 1141
3478 8530
242 2560
2687 6832
8206 6533
9565 4145
7631 501
6951 5283
6901 376
8302 7249
3656 8667
1108 5670
5192 3679
695 617
4654 8496
7823 6570
9691 7815
63 766
4853 8299
1847 5366
4368 8030
8710 8410
2441 6845
6901 1072
3754 5866
7664 5449
3838 8071
4792 2717
6112 2999
6139 1147
6273 8906
2278 7126
5842 9461
7703 4117
8925 7962
8201 950
9538 9625
5366 137
7791 3984
8799 2462
2139 3836
3529 3496
2131 3439
3296 8605
3829 925
6974 732
8373 662
6367 5565
7014 549
6780 5311
2579 1134
7946 5020
3305 4984
9659 2444
8919 7385
9393 6342
2162 8668
8575 8440
6348 29
7110 6632
8134 2519
7185 6473
6313 9048
5968 1154
8919 7327
5536 3346
2926 1331
903 9514
3002 5639
97 4304
1940 1435
6473 4172
2787 9103
9671 9002
5674 9038
3456 2957
34 527
8166 1747
2027 8616
8943 64
3135 6489
695 4242
2012 3150
4658 1743
837 8224
8771 3109
5179 2698
5108 5992
200 8279
341 4775
9451 8579
9668 3191
7791 1794
7733 7796
1318 8180
8418 974
3933 5029
7467 7887
1421 7351
5388 2718
9108 7232
4859 3085
9665 6360
4842 6135
4346 2793
1091 6834
8067 7863
4113 2655
1045 3713
2280 3120
549 6340
1556 9170
172 8536
2697 5436
1486 2039
7513 8100
7856 7356
8750 611
4704 3112
9189 2601
5958 6333
1384 676
9228 9104
6158 7455
8944 6580
2698 2476
7522 9106
3718 4751
2683 6379
7800 207
541 6329
5022 4349
9122 2540
4678 7637
6006 5101
8491 3430
3215 751
3711 7694
2997 7925
3405 9310
6508 8131
9737 4766
3834 2017
4371 538
3482 1719
1600 9143
2905 3485
5436 7900
7530 9613
3825 593
6844 6391
4640 2106
3171 2211
5203 4453
9676 2194
3184 753
1923 1257
6461 5317
8517 7022
45 3144
3294 4289
4666 1387
8920 9295
4749 7394
2377 1255
8555 6782
7368 7918
104 218
9722 1182
1561 4989
4493 5978
7124 1003
333 2740
903 9559
8392 6754
889 5423
5770 1860
3778 9234
2215 6134
1906 1401
8678 8075
625 6851
4737 8876
4775 1030
7305 8509
6321 8431
1577 8954
8273 4857
6397 4602
9181 6660
6344 8054
387 927
8236 5175
3668 7119
2815 8471
1022 1623
8591 7877
1147 5833
371 2929
6489 6892
6885 9389
9750 4340
5434 1505
3294 3400
4414 35
9313 4946
2298 800
8484 467
3817 1670
2427 858
3490 5249
2952 6683
254 7662
4966 1327
4754 5491
2959 938
4263 5378
3414 1762
8834 9378
6754 7096
9405 9732
6260 8676
9629 634
1447 17
3241 7505
836 8814
3283 6153
7346 9019
8303 7457
8904 8148
8795 2302
1544 6232
2102 5834
2482 994
1948 5328
2108 473
9755 3249
4708 4276
690 2823
4425 373
5889 939
6651 2047
5636 1049
2999 1710
587 8277
2312 8126
3590 2589
125 8285
3911 7152
69 7301
7607 2343
965 8095
4118 9463
8231 1253
2 6934
2446 6671
4388 3561
3881 6357
7383 2987
8147 3154
6964 9384
1443 6676
7049 4843
5324 2788
3168 2311
9385 5808
1117 3510
730 2087
8060 649
6041 1802
1067 8486
3041 8712
8839 9445
7170 1197
5621 9317
2743 2289
4115 3589
1589 4714
7190 7069
8067 551
5125 9149
1584 8151
7882 5460
7354 5383
262 6713
730 4774
4260 2833
943 192
821 8588
8420 1189
7237 4790
7839 3349
704 354
2215 7512
5943 9356
9640 6438
223 7476
1501 3086
3570 7078
915 1884
9469 4947
2020 4293
7499 8362
4987 6541
8328 5814
2062 8821
3958 7851
6433 1733
7028 8781
3695 3375
4763 4357
8285 260
4484 7996
8389 8843
3529 211
3933 3574
9076 7899
6983 5651
7048 6740
6944 3812
7048 9221
2583 4958
9237 7057
5508 3777
3785 3126
2119 9473
5266 7911
8550 5661
2564 562
551 1244
8899 303
8631 1058
4172 946
4993 6978
1611 4199
7993 6816
2380 2992
9494 5928
4987 3807
5125 1071
868 1192
1605 3936
6528 2593
1120 332
4304 4550
1737 809
3849 132
4420 1594
4251 7214
6332 7086
8756 4405
7783 4795
2441 7612
2883 7503
3301 707
361 289
3892 1946
7954 1224
8703 5139
6390 2744
532 7750
9114 3506
1364 1571
806 5405
573 9392
6041 166
2942 5654
3554 6363
506 8063
2292 5530
7375 2381
1023 5686
113 6657
7293 3351
966 7312
5719 2567
3035 2637
789 4366
9614 1462
2912 464
3682 9118
7510 6014
8063 7153
6495 5828
4467 5291
8660 6042
724 8290
9011 6718
2297 1377
1420 764
8500 1628
7133 9745
7464 2453
322 2811
5132 650
5704 563
6871 6672
9503 3040
2743 2868
7638 2065
3763 324
3170 1243
8187 4226
3016 1517
1577 3922
6570 7147
3065 2514
8472 5349
8493 4101
5250 6958
5066 2338
150 2359
4812 6377
8303 6193
8134 9700
8131 1770
9660 7786
1924 9315
8563 3522
2114 8964
8726 3003
747 5608
8467 3167
2312 8125
5020 2666
5668 1666
7395 5583
9745 7046
1779 3052
9345 5093
8673 4097
6556 3287
4825 1827
1584 1998
7057 8324
3524 9086
7782 8624
5001 6061
5614 6908
1115 2371
4352 4956
9691 4052
1468 1947
8329 8165
5748 7435
3417 5398
295 2218
6689 5716
4818 1474
1964 4129
9641 7004
8022 2000
378 9583
797 2850
7750 9740
3637 1709
7157 5694
8270 5517
5471 1184
4624 3897
6450 326
4657 7917
2522 399
1120 3196
858 1321
583 608
6219 4401
9722 8934
5995 9709
1225 6492
8491 4502
5345 3569
5260 6339
2508 1202
8335 8707
3163 4450
4236 6032
6339 4440
133 3972
4459 9023
1920 8617
5179 521
8558 1247
6691 6335
7418 4915
6193 4565
3935 2304
8634 2530
1509 9300
2737 8402
9434 4975
7450 5646
9542 2390
9464 8464
9213 5500
7746 4670
6880 1221
5532 6524
8390 2242
8329 928
8491 5406
4615 7620
2518 7693
3478 154
2152 6625
1267 5852
3355 4496
510 8423
7769 4284
7920 8748
4294 4688
8351 4128
1215 1806
8831 4429
6133 8347
6660 6534
5970 2877
4510 3299
733 3181
4326 9079
2170 6604
9048 1385
4028 338
7578 3586
2415 9656
9343 5774
8291 6616
4299 3723
7746 54
6335 3187
8926 6310
4957 2962
7728 5008
1685 2657
2776 2645
5377 5290
231 8764
7513 2852
902 9192
1155 5821
7214 4399
712 6709
6246 2261
4227 900
8203 1911
503 1990
5970 7071
4367 4600
7249 1460
8340 7740
3907 2909
6124 7189
4082 8003
4884 4880
7734 2721
2139 253
9688 7551
2457 2774
1290 268
5071 6052
7327 4378
4945 8518
8279 145
6657 4501
5132 3995
5166 1159
7572 3169
6739 9017
97 4089
2277 20
9544 6043
5623 3271
2054 9352
5384 2826
8069 5041
3041 4238
8277 1855
7352 8639
413 5742
857 3867
6755 4534
363 4598
8023 6213
6643 2284
7949 53
2834 2081
4831 8519
4366 9370
8371 9426
1486 6515
9726 1463
6868 1325
3408 343
7783 8085
5109 7998
3346 3401
6193 7541
592 5165
4288 7988
713 6918
49 5988
933 4155
8201 2206
3373 442
2158 877
3644 9440
8194 1715
8447 65
3679 8606
670 3613
5369 9090
4414 444
7544 1772
8428 7288
3233 9746
4438 5149
4425 1036
4464 3464
2675 1654
5178 7002
8090 873
2749 8988
3126 8308
4605 6815
4790 7471
4150 6482
1063 6558
4043 2221
768 3458
9033 4489
4384 3094
2843 3584
6899 6083
7130 8825
7831 7077
5073 2387
8898 3063
3490 4161
20 1651
8958 8047
1989 6854
8384 1233
3876 7270
5419 6802
7185 6241
2 6144
7685 905
7783 4569
7530 2678
1489 6299
7479 4395
7419 2293
8185 4969
4754 1396
9291 7000
1487 1278
4725 8033
3354 6425
6580 1944
6426 7431
7276 2349
1443 6762
7307 3681
7503 2035
3215 8353
3861 5042
4510 8700
2181 8805
2274 9588
9443 6800
5432 7896
2875 2550
3980 1324
7652 4162
3828 4220
2932 981
3498 7183
7170 7191
6762 5174
7782 1540
8797 8884
4293 546
5266 862
2373 8615
9461 3118
7777 8084
1323 2769
341 1899
6400 1901
2095 2438
796 2854
5520 6384
2645 1483
3995 5037
1773 351
4975 4256
8093 978
8450 3793
4883 1919
1977 4434
6188 8569
8993 801
6090 3787
4352 6633
2266 3232
8795 1699
9656 5708
4041 7748
7371 5389
7513 409
3364 5556
6723 7854
4643 3826
1787 1311
4943 6708
2035 3709
3063 7724
9213 6487
8290 5319
7305 4123
7148 8641
8376 7173
1605 5499
7524 8490
7186 3429
9463 8158
5676 3421
6742 1739
9094 8331
1700 7598
7982 5659
887 7651
7620 4586
7899 6177
2153 3069
8340 6226
7145 2251
4678 822
8024 6812
7272 8780
227 458
5365 1845
5159 7611
2544 1512
7366 8359
6024 6116
8026 977
3456 3792
383 7608
227 9153
2830 7059
863 8564
6534 5644
1850 1765
3914 7547
4077 5792
1698 7255
9539 2862
7788 6781
3479 654
5844 4864
8660 7325
6512 7732
3567 8759
6339 323
6131 7668
5140 3146
5268 249
903 1229
8497 4409
2131 9594
1088 489
4156 8629
5326 1011
1702 6491
6657 7520
5496 2128
7541 3880
9721 8432
1584 9246
5086 7222
7346 7692
500 8857
7529 8367
9369 6003
5509 7035
1215 6142
7203 5210
5405 8164
9572 9063
2879 4428
5694 4247
7679 5025
6421 9100
3995 4891
451 4988
7658 5758
2552 3805
1953 1
9516 7016
5175 7562
2893 3949
6644 5793
4406 5018
7193 4026
4551 2049
4507 8211
911 8037
7471 5057
1489 5566
4453 33
1791 3289
7900 7285
5968 210
6335 3747
151 5594
4700 3756
4757 6417
596 5516
5753 3680
5070 9471
9039 4350
356 2375
3034 7810
328 3204
6530 4698
1726 5105
2939 2542
3933 3436
7312 9618
5594 4280
1485 2288
1723 2531
2200 891
3443 6451
9323 9424
2381 5224
8690 6731
2349 4322
3717 947
3695 9649
3519 5778
1177 3939
3589 5747
9722 4311
8032 1653
7027 4968
8723 4691
653 1061
2642 1317
8024 632
8843 8399
1901 6853
5874 9362
1556 4750
4594 8171
6709 1734
8761 5273
1874 6517
6077 5782
5258 4767
9544 4671
3747 6589
2874 8255
2813 2825
3301 6869
6815 1783
4825 8163
5192 7688
7951 810
4419 7557
1468 4334
3785 5010
2874 979
5470 8593
7522 3891
7170 3959
4161 8313
7145 2712
4975 1166
2905 8996
7573 1587
3492 4153
8496 5553
8109 7540
8951 2257
8363 8320
9040 9277
9745 5582
5725 9204
5428 22
8686 1748
3889 3495
3174 1430
217 3698
1870 1272
3723 7614
3939 8312
5428 6694
5258 4590
8313 1357
5556 1680
1188 3214
7863 9154
7512 1433
1700 9198
65 6897
3188 7870
6024 1662
6036 2144
7010 9187
6757 1140
9094 7329
386 6459
1306 6161
1109 1208
9583 1360
458 7142
3727 11
7866 8377
5097 3142
1 4635
2562 5252
2070 814
4660 9060
4719 8851
692 4663
7521 299
4261 7550
2868 44
2302 1607
2451 4000
2042 397
4161 321
8060 5819
4875 9511
489 6225
7036 9089
110 1391
3227 1062
3008 3753
1223 929
3432 3384
7640 5117
7902 5837
4997 8900
3248 7616
767 9580
6039 1456
6157 1576
3567 3457
3573 2520
9567 5804
2441 2899
8090 7453
9706 3019
4293 6773
5182 7342
5817 4889
551 3488
6144 8598
4358 589
820 2745
425 462
7468 4002
6071 8513
3808 4892
2343 2105
4175 3592
3703 4927
4286 2510
7387 2271
7154 7039
6347 1846
3518 3036
4200 273
4584 2635
8653 2231
9527 1534
4663 5514
7596 4885
329 5455
4534 9330
8377 2511
2769 2358
2426 9279
7475 1543
3063 4308
1968 926
6376 5687
3160 2549
6832 880
7086 4461
9699 9288
7608 7251
2306 8719
1626 5542
4335 988
8307 4259
1816 1994
3094 4544
4118 2723
3849 8778
3705 8736
1091 1672
7762 4063
4818 4526
1953 4770
2433 2505
4139 7883
426 8961
5807 5831
2724 9408
5291 1347
4167 5538
986 971
384 533
8108 7024
6558 2354
3464 5745
3705 8718
5424 9147
9008 682
2100 4274
2980 6292
485 8487
7301 7604
541 8451
2947 443
9721 8246
3362 2488
7516 5569
1765 8172
1760 4910
6281 3856
8005 4386
3493 4497
2717 4886
223 5053
2615 4301
2895 5335
7121 5769
7306 2682
7345 364
6112 2001
2488 1132
71 7984
3297 8370
1998 2585
5312 4341
3698 9344
6742 4343
727 7439
2693 7274
9164 7961
2723 7633
5428 7950
442 6763
468 4243
1855 5744
7160 1854
225 4734
5173 275
2326 3022
142 8613
3643 5949
2562 5017
5046 2021
4638 2671
2295 7730
4060 6447
2583 2080
8347 9062
335 300
6739 4122
4985 381
142 2794
5895 2191
6612 3966
6544 5303
797 1744
3278 4119
930 8643
4467 7922
324 4228
8771 9500
5837 8319
70 8657
8601 1452
353 8395
321 3956
8967 8259
5580 6748
310 3618
274 62
6055 8315
1378 6890
1987 8725
2195 3480
7689 8057
8507 3685
9184 2777
6569 671
5897 2977
4460 9266
5164 2674
6472 3632
7843 1337
9580 6771
8773 734
7916 2921
7596 1867
1717 3424
9376 5962
1020 454
3874 963
5286 7292
2113 2046
8966 9057
9060 8257
503 7829
546 1932
4709 8868
7776 4578
7602 4538
1094 2828
3708 7702
3432 509
9013 9736
466 1145
7509 4950
1847 8618
9149 4902
3367 6614
6589 4416
858 9626
403 9433
5439 5204
1355 3951
8875 716
942 2808
7419 9152
7791 2228
8487 4508
6810 4032
6561 2563
5536 6817
15 3420
377 4724
8697 7168
2984 3840
8544 3635
3518 6207
1347 8872
866 5832
9261 9045
6709 6630
5999 8922
374 1498
3023 8122
4221 5171
5031 3878
3480 2399
1762 2691
5933 4511
975 7202
4499 7267
3603 6537
5298 313
2078 4297
7004 9462
2667 2604
7856 3110
317 4786
1775 9080
1534 6858
8130 1727
911 8913
7477 5333
5708 6927
1455 221
2251 3916
6737 1912
7920 9566
7371 2241
376 8746
324 6846
5415 2264
1734 2757
9487 8880
3642 2175
841 5896
4842 4390
2582 7841
5520 1220
3917 7967
3094 2147
4301 9683
9212 4053
5331 7461
3227 6173
1 5759
868 9066
6927 6010
2240 5675
485 6494
367 298
8898 264
4249 8073
6640 535
4122 613
6817 6069
2114 7060
4843 3255
1251 3759
1574 6938
2266 9145
7341 847
3637 5280
4584 4278
7703 8791
6617 3803
1243 2611
7465 8577
1141 4273
8400 6887
642 1273
7305 8776
8503 9680
5580 7556
6871 6263
2111 8434
7471 2770
1474 7233
9369 7478
7726 3620
6151 4157
7366 581
1063 4639
2876 6204
9542 7548
5027 5721
7384 9357
3394 3179
8987 2795
8751 8192
5350 496
8771 6744
8667 5189
9176 9742
95 7362
814 4478
2637 2252
2076 1492
1512 6947
7356 962
1917 4362
1308 5187
270 9109
8974 5334
2292 5766
8496 2727
5782 2983
2065 2396
4466 9327
9340 1620
6210 2207
9515 1017
967 1603
6263 220
3500 7720
5412 1414
2766 8654
4322 72
2049 3975
4316 2486
503 7436
1373 2132
6964 30
2729 9134
887 3200
8064 7381
6897 9298
1517 7416
2761 460
4228 8897
8613 6149
6878 1328
3983 6732
4730 1006
1720 8407
4977 6513
6284 9193
5443 280
104 7790
4877 6454
5599 1083
1909 8955
4881 2639
1947 7665
8573 6736
847 908
6489 4948
5018 7742
1940 3652
2278 8339
8797 2406
1184 3292
9028 9556
8518 206
6378 7089
9066 3774
9428 2630
2800 8929
6874 2466
4440 5858
3569 8894
5514 7538
9511 6098
7703 6826
4416 5666
7101 9142
695 886
4639 336
707 7273
8437 531
523 471
8440 2487
6484 1002
8373 3860
7856 6835
9588 1403
3028 2731
4320 8808
5853 5620
249 4710
5887 1735
559 3413
3887 2759
3485 6521
8480 8506
3520 1297
3055 8552
2761 2385
6853 5485
883 3328
1948 3222
5685 5133
4758 4680
8993 23
692 7207
2900 3869
9330 1852
1869 7428
7188 7990
9234 3957
5274 2156
6289 3193
2921 6171
7933 5444
7679 9319
3503 5095
7176 1613
6467 8248
1747 3440
4143 7100
2570 4820
796 9478
6912 4684
3361 4669
231 2103
9267 7894
6120 7673
6517 3865
5015 4158
5391 5901
5181 7413
359 7065
3951 2483
8355 80
7164 694
194 5584
2460 1390
7427 1522
5958 3205
1783 5548
3330 9243
1383 5176
1641 1943
4340 9303
1466 969
8228 6286
5348 8570
8399 7555
8073 983
6296 6539
3524 2923
8764 803
863 5245
2298 6980
2582 2389
4737 3517
2747 1207
3016 6977
2926 3433
7382 8912
6055 8888
5562 3896
7869 786
4416 9222
7453 7908
2579 6349
1373 5917
5181 5950
4264 5119
8885 1840
5086 8179
4153 7983
7248 702
4206 7324
3862 5375
6473 517
387 5653
4643 2896
5704 7641
5445 2914
8830 7590
9399 2263
880 1499
1039 6809
6946 4846
2373 60
7712 1697
6946 8891
9410 9647
324 7826
9023 2807
4719 1659
9061 9550
3797 956
7037 6999
755 7837
1704 3796
9745 6641
3436 2974
981 4179
8402 1897
7167 1729
8005 9054
3188 2911
6797 6464
9735 1551
4703 9051
7554 7363
479 3645
3121 851
5690 4541
7623 4882
7611 6821
124 2309
685 9739
5798 8227
6044 9365
6361 4971
9142 7235
966 995
3927 1161
9350 1858
8178 8699
1863 5321
7664 1656
1893 5524
5801 7286
6091 4008
1447 1979
4136 6444
1487 2494
2100 255
11 3514
5822 174
7525 7494
1600 3526
6624 9402
5328 5930
4904 4556
6557 5697
5377 5292
8572 4291
5512 3212
9631 2066
9363 84
9052 3786
1060 4481
1748 3497
8412 6922
6718 6756
8391 2043
8583 4232
5322 2768
232 1808
6281 4781
9460 1367
7138 2607
3154 4974
4232 9690
6820 7104
682 2507
490 5315
6496 6393
7229 1965
9061 6386
2393 9338
3353 6831
1948 87
2349 7793
4886 2972
915 2547
5304 8358
797 5407
3574 5905
7022 8448
8770 4445
2962 7003
9727 5257
9435 2493
4422 4209
7445 9429
7024 8322
7065 1458
3326 7862
5978 1106
5470 7972
3591 4108
8618 7731
3101 271
5901 2817
4625 6320
3511 334
7525 8533
8679 1453
7759 7931
8464 6647
5817 3017
5497 5216
7547 4039
9530 8594
4967 8648
7386 4019
2753 6075
3301 1881
4383 6514
2566 181
2398 2402
213 763
4561 4058
217 3127
3296 6864
2318 6095
2717 3445
7315 618
1410 2716
6878 3942
9618 4355
1155 6917
1860 1319
1299 5567
1007 7861
4300 8893
3169 9240
9067 9431
5461 6130
72 7470
8373 2328
4521 406
488 4547
4346 6013
5034 6402
4423 7812
506 1764
9510 1693
5391 5993
1118 7836
2063 4069
1914 5767
9222 6629
753 9672
3436 4174
7102 3531
5359 2165
9124 5916
738 530
5388 3343
9116 3481
5645 3206
9739 6180
3742 2490
4182 3976
4763 6649
3507 8671
2368 7263
3676 2008
7202 2832
3824 9387
5378 51
7366 2479
2815 2580
7343 3542
1487 4186
7273 4633
2049 4347
5123 2837
1939 8939
3766 1392
7850 2190
3718 5843
1760 4379
4664 2193
7733 3210
8380 982
1726 2978
6130 7619
41 5299
2529 4244
8767 4963
7524 8777
1587 9177
3499 3871
6513 8896
1073 2708
7796 5679
7926 1105
3680 5478
8707 8683
1238 455
4902 6794
5411 93
1653 542
7249 2411
4467 9575
307 3515
6479 9716
8776 3130
9192 3912
1407 4926
7712 6196
9201 6054
736 2506
3433 2253
7002 3672
977 388
7281 4195
3881 7198
8453 9430
7527 7646
3676 5318
3569 7155
3315 7761
4336 6000
4040 7319
9699 7849
1399 6141
7801 2636
6103 4557
3150 3113
3209 3186
6286 6700
2145 5336
8964 2085
3460 5136
2788 6842
2181 6165
7937 6060
2363 4208
2721 5255
3870 3985
7643 6326
1466 1999
3702 7910
8467 440
4757 4718
8979 4830
2792 7107
2825 5550
8818 1591
5542 5773
253 3136
3433 5617
4624 3859
7423 2979
5604 4555
8346 2340
7465 7430
7411 9452
6934 318
906 8632
6816 9453
5690 3228
7096 121
5814 1389
9703 9383
6050 7891
1714 9141
1584 5009
8304 1077
4206 5922
8430 5707
3008 5964
9141 9617
2328 9608
7873 4427
6165 2672
5898 6749
4349 6936
9456 3783
5355 8183
6093 2129
8720 8145
5913 8181
6330 417
4156 8264
4768 2857
8582 4838
4045 5360
5845 4901
5607 8672
9691 5635
1060 279
1030 9199
7226 4731
4623 8161
7793 5848
9262 7488
7270 164
8517 3877
9377 9682
981 8774
6624 5397
5258 1149
8906 3530
7476 5198
9176 7888
2666 7409
308 379
2911 3224
1761 1883
7885 664
3987 8938
6514 3598
6286 78
7414 7426
2145 1151
8026 4771
8669 122
7043 8141
4116 7172
8944 1619
9327 197
1077 5827
5451 8595
9735 8041
2417 7779
3679 9333
5864 5465
6630 8445
9239 5561
7899 1340
2707 2786
844 2401
6515 3340
6069 5847
2113 6238
4723 9113
5451 6129
8451 4755
8233 5726
3981 7751
4910 3251
5407 3955
9680 6606
7741 7484
3643 1834
7306 4617
4238 5270
7295 3397
3282 3580
2158 7713
4271 7930
2266 8136
8230 81
6764 4009
2547 6808
3542 2320
5891 633
4261 4160
388 5458
1994 139
5277 6692
7861 683
1324 5698
9142 9579
6833 6799
490 9642
3444 5966
1049 16
3614 3316
930 4038
9683 8742
7922 921
6321 3239
5049 3380
5001 8414
5976 5064
6746 2478
2018 8466
2660 4850
4796 8372
7138 3220
8860 8940
760 7625
6196 8300
4261 4072
2607 1381
7035 1864
3091 8146
9735 9336
2869 6108
6381 2994
613 423
9122 4275
5594 6628
9150 1814
2033 699
3474 4894
7526 1548
1462 2781
7660 7952
7477 127
9019 8415
4551 8743
2495 3143
9505 1663
4153 2590
5428 3563
1036 6752
6450 4785
9493 112
6357 4953
6908 1349
8142 7957
3420 79
1832 1394
9699 5300
4249 2969
8113 3610
2630 5232
134 8950
3028 3475
9175 6118
7155 4990
6936 605
8271 5446
8026 7802
780 1342
8576 146
1407 556
2911 4088
6142 3919
5037 1121
6512 7807
2618 4760
2923 4147
3835 173
446 6675
4619 3556
1225 5206
3166 5521
7527 8244
110 2279
3288 901
8308 1056
4088 3925
3154 3087
4158 6698
130 8002
6771 6939
647 2429
150 5503
5264 989
813 3148
8872 3595
7913 3295
3621 8221
521 3662
383 1610
7807 2898
1262 4659
5848 1645
8517 4936
7776 1777
6149 6841
9115 3833
4551 3538
3021 9545
3415 6271
176 7901
5266 2704
288 3476
8966 4144
4709 128
3683 4522
862 5104
3873 4348
4574 5456
2010 7710
4195 8640
8973 5144
3137 2323
651 912
5592 6176
592 2347
9257 287
8729 2083
897 3473
5169 6586
2257 2130
6741 4738
3511 3190
8900 9743
7391 8027
6299 5953
8481 7737
7474 5076
345 537
8812 6262
8007 3857
2078 4918
6232 8015
3118 6998
7883 1275
5968 5211
5808 3988
6888 7029
6438 9658
3440 3273
2491 2558
3639 7568
572 5941
79 1792
813 3138
8545 4241
9641 7289
9503 5096
79 3083
1605 8204
891 5185
8381 3279
9031 4667
7728 7056
4899 4922
5536 6902
29 2628
5293 7367
2947 3606
1793 6016
9309 3185
2564 3277
6124 2989
2367 3358
3628 6436
8615 9366
4989 8268
3320 8841
3105 8034
7586 4824
8723 6431
8283 8826
4273 2410
3636 3528
3957 8167
2987 8209
7423 6121
3914 9099
7695 135
716 7017
1062 7379
6150 1445
8814 6681
2675 3989
8530 3018
7486 8012
5185 1497
1429 6243
1934 6372
8504 1372
6482 3552
4002 2623
6462 14
6460 9589
9426 7318
2239 8817
5624 263
7473 8220
249 470
2787 8856
3891 6073
8113 9694
4589 5138
1304 4907
8410 1359
6495 7080
198 1606
3514 3423
4485 244
9384 3998
2243 6564
915 6155
2325 4277
8370 1495
9595 5295
9082 2167
8246 4106
6880 3037
4879 6002
4173 7956
6310 1205
1417 3923
3859 2300
808 208
4551 2222
5216 4149
1672 7290
4691 3741
7818 9628
6907 6470
3479 8177
2787 2661
7888 1245
8329 1749
3322 3624
116 1354
7776 1070
6177 1922
4314 6143
4580 8665
1349 8118
1528 4995
8631 5413
2260 9404
4158 1818
4647 980
5543 8909
9333 4979
792 6906
7887 4317
9662 4333
857 9568
5939 6935
5868 5297
8233 8800
8279 511
4287 9226
2962 4798
4654 4266
9033 1755
3173 864
4762 7236
9407 8790
8464 9325
5841 2609
1866 1277
2260 1341
3532 50
7524 2790
2511 2345
9568 1514
3002 3223
1464 6218
3613 6312
9019 5648
3856 5643
3117 9183
2832 565
850 6948
4617 5529
70 909
51 8928
4853 4012
7830 407
7057 3368
7076 1261
572 4514
6260 9326
8027 9223
2023 9302
7481 4627
4448 24
4286 4029
5913 3634
6458 6307
461 4764
6726 1375
7523 8722
5470 4992
690 2362
6886 8105
5214 9216
8138 5048
4493 9604
7436 6086
5460 1880
9362 970
8360 4748
5987 1013
5678 578
4650 916
2168 7350
9556 5426
9732 781
213 2526
9230 7252
805 348
8424 9416
166 539
5883 7979
8860 7855
7810 3176
605 6110
3096 1160
8158 3999
2452 1562
8179 7577
8540 269
8692 7380
2524 7978
5018 8947
1251 5282
1372 6613
7116 2783
4728 6770
2469 4034
3843 645
2508 8139
2618 27
3447 4791
1043 5946
7168 3660
625 8442
3933 2285
5773 6331
9656 4939
4357 3729
9518 5973
6754 493
5385 7284
9342 290
440 2276
3691 7372
2990 1506
7552 7271
1554 4871
6694 2760
3551 7716
8752 657
3655 107
5604 4017
653 6059
975 8702
2332 5476
6268 5225
6014 3738
3320 3472
8799 5544
5070 5077
829 6861
782 4851
7350 3467
2245 8174
6149 9524
6199 2121
1949 246
4477 7630
7351 9571
6376 4840
6191 3106
1739 5628
8814 7964
3493 3504
3897 8548
4949 1960
6533 5688
9597 4620
3129 6478
4453 7971
6660 6991
1328 6337
3402 954
5948 9611
3473 5483
4207 1264
5322 5006
4551 8336
7035 8713
7569 9046
1678 4476
637 8918
9663 2203
1589 5691
600 4854
3035 1009
375 3365
7398 8658
4461 6577
654 1090
8583 4941
6630 2136
192 6522
1078 7015
4116 1754
6362 1824
9549 9070
6059 4084
4527 5938
2537 6711
2192 9209
2671 723
1875 5975
7873 1484
5769 6239
1175 1868
8048 2751
4188 9587
69 6976
4755 1200
8825 2414
6875 4909
4240 2290
7202 1811
6776 5660
8531 6008
5015 3293
3988 5205
9725 8427
1199 4075
6149 3049
3781 3895
1271 5601
723 1809
161 5925
7242 3025
5056 8836
9142 2310
6219 3944
2362 9632
5009 4498
4336 7549
3227 2784
6231 4010
8736 1219
9683 5357
5579 5875
4348 5112
8063 9592
2001 3885
3413 430
3628 39
4211 7912
7046 9381
3713 7303
4094 1172
2072 7355
6282 1694
8770 8119
5794 5513
4698 1052
2879 7886
9163 9406
1749 5696
9238 7867
8767 2161
3138 7359
5659 679
9114 1287
7685 1578
4258 6475
6671 5316
5240 5578
1372 882
3635 7991
4655 2934
2175 4732
4152 435
1161 2975
3344 370
1010 8937
4764 744
2094 6811
5181 4837
3919 7064
3269 675
6628 9250
7599 9299
9063 5986
1544 4296
7670 3356
3249 2700
3212 2036
6299 261
8642 1973
7048 4568
458 1969
1267 1424
5798 2321
8426 5396
6039 3553
6916 3466
5277 152
8379 4463
8966 1397
467 6327
2447 5525
1155 8338
8192 1741
5140 7858
8937 2772
4195 4462
2365 6768
7015 5237
9336 6079
7851 4865
7953 5641
3764 663
1056 5590
3612 7373
5719 665
5127 8008
1212 2450
1847 737
7664 3990
7607 5012
2508 2357
6225 3692
8363 5736
7427 4437
271 4841
5154 6639
5142 3888
1152 6275
713 6311
1334 7859
2441 1210
8453 1432
5804 9314
6105 349
456 1263
8530 8452
4916 9306
374 8408
9071 3664
6264 7543
6955 1819
3489 4847
8995 6670
371 4656
3927 5738
2117 8603
5474 8044
7770 8559
3126 8689
4888 8745
1030 7857
6095 9390
8876 4192
3790 4078
8224 3631
1568 7199
250 2122
338 9107
4993 9026
8986 7326
3563 6322
3471 6429
7325 3197
6478 6608
9605 8970
142 1942
4631 5462
9235 1742
5978 7243
1969 410
2348 8907
5114 7669
2625 9018
8320 6128
3567 4917
9239 8727
1926 9489
8737 4828
6138 7907
1949 2584
6746 2296
2696 8129
4637 8042
5993 5013
279 2097
3518 8344
198 6710
2507 5718
738 6714
6259 7575
7824 5180
2955 8666
5377 9648
7054 7407
4219 8311
260 3954
1399 2339
8727 6933
406 3599
1519 3576
3118 1736
4680 4020
538 5464
963 4612
7336 2477
4889 5422
4075 7593
4578 4573
386 1564
138 1691
6021 6830
2312 5019
1073 9674
2815 3535
8042 6066
9688 7072
7332 6566
3361 2244
3961 1627
6812 1706
7643 1753
2757 4310
2061 472
317 8760
2761 6942
5215 8253
397 7618
9642 7405
3622 7459
7071 6706
5010 2822
7277 7704
5964 1553
3457 7070
3799 1092
5451 5007
1162 8863
1043 4412
5031 1398
54 3842
5578 1799
8249 6011
9740 774
2883 4816
1449 9466
6638 7973
8807 5361
4003 7463
5718 314
7458 7031
4579 5468
6120 6457
3949 9265
5349 8762
7035 2809
613 4772
7252 701
6010 9627
7173 6412
2076 5340
1115 7621
8206 6575
8492 6803
4917 9513
5557 5067
3729 8080
9351 8062
5883 1545
9416 8352
5017 658
1329 5861
7363 9375
8862 5110
5349 6
715 1047
7658 7895
2960 12
3612 2949
7121 834
6784 3770
6423 2096
1102 9092
4830 6910
974 1156
4902 204
1447 2022
1948 7
7237 8881
7611 985
2177 9083
6429 7240
2318 1711
8427 997
732 7278
4982 9485
5458 1400
1377 5546
5968 9371
5834 9526
6524 7353
3643 4400
69 2858
6284 2236
6160 9712
5020 7497
2335 4540
505 4832
7641 8735
488 3360
3123 1248
4374 40
6712 1222
7925 7066
9434 3050
5176 639
8609 7727
9750 1026
3850 6818
5608 1954
6322 1621
3912 4676
5302 4013
9466 5005
5131 6954
4041 4583
212 5596
133 623
5253 2370
2377 6085
4259 3272
7022 5480
5447 6790
7949 1643
2345 7884
6969 1180
1695 2423
406 7960
6538 9637
848 1982
5148 849
9298 7822
9608 2060
8760 1841
7787 6618
2454 4866
9128 8383
7204 9502
8523 3247
5843 1266
3958 3454
7201 4159
2442 6772
8128 8535
6845 759
1215 7220
717 2867
8156 7989
9626 5589
6630 2647
978 1992
3504 4695
6866 9655
1261 8266
4892 94
3295 3252
1760 4924
561 6406
704 8247
809 5935
2546 237
3228 7446
6089 7268
3571 7659
7640 2425
4579 6058
9081 5386
7371 644
1540 3412
5795 1900
3640 6872
2691 2416
6749 6051
2224 1055
188 5170
9544 7754
7538 6603
324 3992
251 1330
6654 7266
6177 6550
7095 8819
8700 6087
8958 3438
6162 1508
3000 8465
7683 9264
4128 3079
3660 3814
5257 5581
2977 3558
1200 19
4132 7349
7900 6001
7302 8889
345 8081
8757 2653
3027 1343
7386 5400
6478 9000
113 6546
4670 8607
8880 8061
8279 1500
2456 6168
87 843
9448 245
7418 4433
6742 1288
5520 7736
9301 4027
9086 182
2700 941
9440 5937
1097 4468
5926 8330
7173 3088
8115 4782
2833 5540
2345 1931
1019 4821
4885 7881
1987 5541
5179 7519
9382 5477
8123 2090
7602 6795
307 5997
1810 28
4958 8406
8218 3593
2246 8365
2600 2533
5681 8476
4295 9657
2606 6590
7861 5560
4866 4512
3007 4833
2978 9157
6376 8098
7325 5021
9234 8809
5729 5510
81 3716
1880 1871
769 6563
5922 1669
4792 7699
7091 4004
1318 2778
6615 7448
3083 8087
825 2314
5772 1677
1863 5223
5271 839
1726 6705
7240 25
4642 8870
4646 4312
6330 2676
18 4451
1483 6860
2465 2641
4849 4566
618 1211
2400 4165
6531 5534
9340 4170
2618 5371
1922 7874
5391 5078
1773 2806
4988 9633
9642 2796
2431 4111
9429 5936
3068 7141
8925 8133
7839 5667
5659 9675
5476 2101
2390 4712
7885 6652
6575 9307
5225 7425
2207 2938
8077 5855
8210 5693
1231 6247
4405 9687
7759 360
5800 1481
7069 2649
5864 6850
7054 2037
7540 2124
716 567
1835 6471
8466 7103
9755 9669
2623 6283
9186 9512
1238 7137
5891 1632
9492 3667
8497 9337
8342 6855
2428 7280
6475 9729
6570 3306
9441 7194
5316 6446
541 7410
6592 1477
767 3236
4722 3431
3354 8028
5455 2539
2641 4187
3840 3463
6423 3971
6061 5341
7769 1665
5549 6300
153 7514
1649 6370
2128 5099
762 3404
6410 3693
9470 203
4179 9554
5056 2897
3426 1074
9549 3418
7652 3564
6629 8441
1814 7421
6037 9207
3762 6716
3826 1851
3842 7483
7225 7231
9596 2948
9315 6305
5184 5504
3185 1708
8964 2303
2043 1559
1632 5269
2854 4074
7661 3258
1584 5945
2590 3819
4695 4086
8774 6667
7085 7216
623 7490
6640 7889
3436 3852
1099 9540
5245 6963
5097 1639
6954 7253
8177 1388
3966 8223
5474 7489
9189 5296
6282 3347
2429 6765
3059 4914
1697 1316
2782 8260
4598 5638
8223 4065
3407 1535
9248 6242
5397 6427
5047 1541
2387 5481
5720 5762
4411 9692
4731 3266
806 615
3757 2077
2375 697
2305 7178
2185 6996
2687 5146
2243 3930
7213 7452
4004 7536
2262 3352
8839 6315
1402 3915
5527 1116
3274 184
3609 7158
186 7210
4733 486
5491 5909
1082 1242
1067 3775
4986 201
9444 6966
1756 1054
5997 2831
1286 8525
3553 437
5561 1688
7445 7629
4072 5859
8364 8878
2100 5310
9393 8345
9152 8721
6846 4789
8563 8281
2508 7447
9091 7827
8731 7924
9381 5955
8966 4396
9591 826
4902 4716
40 5854
1960 266
7663 7088
7703 648
1810 7687
6525 9484
3966 1178
9523 9172
2744 8001
2706 5511
1363 4713
2536 9574
5006 7845
4352 8082
2358 5818
1867 2930
2035 9749
820 2627
8726 1171
5012 9570
956 5082
6833 4255
8895 4166
1216 7684
2163 6889
8514 8070
3878 6823
8970 3704
6557 5815
8575 4054
7740 6324
764 240
7849 8701
8889 2504
1639 2719
3266 4870
3121 9005
6646 9179
3639 8212
364 5585
3795 3689
6570 4942
6934 6063
799 1703
5921 8977
2586 1040
375 2573
5146 9353
1455 2107
8940 1569
6517 284
8339 2430
6863 6968
4917 6048
2832 2178
6289 1101
2579 8176
6728 7132
2823 870
8997 2805
69 82
6641 3872
406 5438
3880 2658
8836 4265
6793 7420
6302 3550
33 1362
8174 6217
6494 2958
3892 4860
3901 8539
7829 9322
7084 2040
1421 1376
20 2588
4908 4814
8752 9131
9588 1111
7015 779
30 420
8326 3268
8414 9744
2911 3868
7276 6046
5039 9446
6330 1086
9320 8933
50 1822
2875 3575
1983 2954
4009 1107
1715 3752
2456 2116
9001 3546
2062 3455
639 9552
6314 4773
9518 710
5240 9085
2807 2859
18 4391
5616 8398
1001 1617
4379 3158
5081 6719
4863 4746
2568 3794
7133 6923
2641 312
3752 7764
6199 6960
4110 5337
210 4114
3434 1951
5721 3866
4821 5730
5104 8404
7077 7518
2371 414
6370 1240
8731 450
9526 8140
4950 5849
7998 5606
8595 1051
7822 8460
7341 8053
7770 9361
19 5518
3865 9734
6247 5784
4954 3199
994 9043
515 366
3461 6235
2933 4403
1657 7749
7190 1312
9065 6251
4691 6911
2843 3623
122 4191
6509 9475
3475 3122
5498 3029
6699 2480
2749 4788
3720 2971
5786 7635
3664 6137
5979 2863
5959 9242
4671 6822
9674 8265
1126 8282
2128 728
4467 9125
5258 6893
8745 9619
4183 4138
6210 357
218 2663
5343 4532
5151 2799
4949 6294
8201 8796
8904 518
1674 6304
7979 209
3358 8921
6712 1093
1098 3675
6433 8981
7618 6602
5522 4480
976 3909
2660 1289
6482 1725
6441 7320
3190 9412
3707 9488
1215 3250
8307 1409
8888 5824
1045 7197
7343 1993
3836 2688
1263 73
2507 9479
6491 5634
9571 5327
9737 6645
9172 3952
3720 8267
2625 5680
1463 4500
5688 3054
7944 7677
2946 1856
506 1921
3187 1004
3050 5642
972 4815
2170 5506
2975 2204
3046 3151
7382 5308
8215 3700
3308 2577
4540 392
9472 1280
1371 8074
7994 817
3335 9203
15 3043
2210 992
6981 5779
7613 7997
9479 5227
5843 5358
2121 4176
9462 7789
3409 8747
7722 6222
6706 8630
8212 9231
9559 2995
6400 1582
2381 126
8394 9359
1011 8226
4502 9714
4406 448
9422 9160
8068 480
6567 8382
2293 6778
1884 575
7876 1169
6311 1274
9685 1511
2387 6280
4595 1422
1643 3585
3460 3073
8889 2629
4295 6562
1088 3111
6171 3081
7497 1480
440 8333
3749 2048
5045 8619
1016 8409
3378 6516
4173 1425
2396 790
6386 7963
8135 5393
9714 3038
9377 9355
1291 6488
9175 8170
867 8216
3133 9167
4905 1123
2781 3572
9553 9520
5172 5956
2485 5876
1601 9519
9503 4373
9591 8858
4495 7205
6066 6682
5070 9391
5745 9287
8359 4439
422 369
2514 3333
3347 4548
4352 2227
221 3508
3632 1865
4666 1191
9327 1237
8484 8159
6047 2525
1364 7310
2841 1671
3923 7259
8805 6636
1014 9636
1573 3541
5542 620
8466 2074
7033 9609
5194 9529
1569 793
6918 1950
8796 5430
2930 4835
248 5342
9319 2576
4573 3821
6450 3525
4966 8025
956 5501
7431 6751
121 9715
2191 1087
9079 7840
5138 8992
7380 2299
6998 2098
4936 6971
833 998
6535 7654
23 9159
2442 3221
1698 729
8954 74
3676 8482
2932 193
6671 106
2204 4225
531 5219
9691 3290
6070 7441
683 3974
1758 3450
4912 8
8190 9536
3340 4530
6330 5737
4312 2353
9007 3077
6249 1239
8176 365
73 1629
9614 4413
5525 8753
9750 8321
2751 267
5379 7469
446 9218
6048 3979
1954 1028
4427 6585
4787 2763
26 1593
7924 3484
5670 4545
3266 7743
201 6554
4855 4801
7188 5473
109 3310
6345 2527
392 5788
4777 9021
6630 4978
273 5870
7950 6434
4157 7228
3257 5820
3948 7905
7103 6559
2519 7945
6970 5035
6559 2440
3292 5637
8888 6440
1469 8193
7578 4456
7598 1173
889 2598
5464 2684
9128 9200
8223 8234
2431 4523
2627 7903
1987 6593
5181 3543
8221 7094
7206 6532
1680 2137
4876 898
5748 6285
5423 2439
2224 816
9106 6101
1331 4599
7133 7610
3893 705
2376 5727
1323 5362
8461 4543
6221 3884
7956 8709
7638 2735
4255 6380
1107 191
7121 9598
5901 3449
6851 8867
962 5450
8958 7941
4292 7935
2861 4449
3680 7648
8165 4517
4133 3537
2987 3131
7732 7739
6964 3370
125 2849
4179 6665
9690 7335
6264 5622
490 5760
249 8526
1561 5743
3594 7804
9080 3155
6525 2226
1990 8262
7761 6591
8674 5072
9579 6373
980 2434
19 4363
6118 4104
5316 6551
17 7217
5000 438
1148 7460
2153 5404
967 5797
6527 4469
3302 8711
9126 3536
880 1542
9347 5612
227 6049
6324 7044
4958 5256
1184 38
7044 750
7991 6255
7228 2138
5289 4933
8548 8256
5904 7328
2788 8104
6462 2149
7126 4962
4150 3827
5574 5982
263 7928
976 787
8868 6261
283 2028
3223 8229
9317 6931
6585 7561
2264 778
1173 1789
9154 3686
6748 2956
6121 1114
9515 557
7970 8110
6479 5632
9145 2728
7912 8959
5736 445
2154 2286
2332 2216
1770 5313
6758 5603
3162 8927
6778 5075
1126 6350
2642 2509
8 8586
8278 9413
4152 9372
3113 7892
8947 3416
7702 9069
696 9418
1166 5994
5642 9476
3894 1915
969 5615
8800 6033
1200 4581
7343 7311
4498 3102
202 1579
1036 9308
3302 2503
8580 7587
6148 5880
5975 5161
8209 404
1032 8853
9227 4146
5606 8680
6053 8565
9202 8388
5964 3304
3204 4740
6597 5869
4511 9010
7546 1441
7836 6399
3637 6358
3827 8838
3742 5576
7033 584
1167 6064
8209 5338
5068 8864
3689 9557
6330 3381
9431 3931
5018 7721
9179 1984
8076 3548
6863 7087
888 1676
9331 7634
3346 2920
6231 1812
9116 7697
1140 1526
4583 3886
1457 7959
4445 3782
3248 5090
9613 3663
2 8354
7095 9140
7548 9312
9315 2919
1010 167
3390 6088
5386 6074
2044 8650
6469 7061
8916 1369
5280 222
945 7111
4695 7655
5767 8009
5977 3665
3528 3929
2108 7083
369 6166
555 8763
7125 7241
4799 2069
4344 2554
2124 1634
1774 6653
8121 1431
5138 4338
4816 7932
1316 4021
4581 8717
4916 3313
6329 7011
7925 672
9749 2534
9277 3748
5087 8840
9141 2597
7652 3348
3164 8314
3582 5092
1156 2099
2539 7622
4572 3706
2120 1974
3149 576
6060 1664
2832 8732
8475 991
3131 823
8821 7401
8521 459
2460 7690
3473 5050
3252 3523
7905 5961
2700 6127
5423 3323
5932 1927
7227 9610
6475 3024
9453 6030
6467 5545
4234 8127
8440 5200
7081 1279
7823 6679
9052 2230
4122 7034
7516 6690
4832 4148
9660 9438
9091 4248
2868 8528
1435 6012
6745 7053
8156 5417
1354 7406
6633 230
2242 4125
3320 652
7806 2421
9370 6791
7884 4181
6929 6883
2405 6405
1269 482
9434 9577
7019 2924
5169 629
7840 352
723 4121
7505 5380
9241 3841
4422 6882
5056 162
4766 9247
8840 853
414 8584
9737 5568
7310 4178
1950 5488
9570 170
2367 659
1429 6109
1293 1633
714 6990
5807 2871
5916 6904
3707 2455
1295 3883
8815 3208
7458 2395
7088 6019
4357 7936
3735 2082
4809 3920
9320 214
7511 3371
8269 9255
8955 6549
7545 4632
6947 2643
7222 2917
6633 8649
7213 7835
8778 7491
1064 7644
6107 61
8359 1413
3668 8681
8139 5063
6516 2248
3960 1089
2029 3937
1569 6365
8404 3751
8122 7020
6575 4683
7077 9644
2358 2344
1617 9602
4711 3396
8869 6601
3174 7680
3036 2973
4466 892
3688 1322
3316 8562
5562 4006
7014 2496
1299 5551
6519 5495
2045 3746
4715 4614
2284 2461
6664 5790
566 6505
128 5088
1107 9482
1410 2891
7248 5515
9080 1602
1550 434
9647 754
7251 2928
5977 1781
4448 5275
6217 9673
6708 2940
7337 6622
721 3928
4603 3213
9320 5559
9308 1065
7728 2516
9001 4803
91 4163
8013 7344
4574 9681
3859 8197
5037 1138
5302 3061
6708 3659
6320 3649
2257 9666
326 2559
50 8405
2297 3104
7117 9015
3114 1350
8189 9481
1182 358
9310 5626
9672 1041
4956 1436
6820 9050
5503 9166
5712 2327
8721 8298
3856 6068
4287 706
9608 6420
5906 5213
1396 6985
7736 4687
9642 6949
3711 3899
9492 6510
9192 1687
6985 5188
2132 238
3817 5038
8282 3376
6785 3844
9227 7113
1950 9599
7694 8714
707 6507
7805 3512
1308 5598
6602 3904
6263 6248
1461 3281
5154 9741
8537 5705
3748 4194
7349 1750
7899 5332
9336 7045
12 4983
8878 395
3911 7667
1289 4897
7909 9373
1701 3175
117 2515
2924 2057
5760 8969
8745 6220
2592 1648
977 5710
3572 9127
7580 8152
1779 2291
3355 8173
1360 2388
7164 3044
5739 601
9295 2141
427 1281
2653 4685
9200 785
2130 5111
6619 6506
9544 1276
9319 1843
7538 4761
6508 6760
7639 8766
4566 3527
900 9096
4639 2067
988 5672
9582 9289
4626 6626
2434 588
9221 9217
2937 118
138 2710
8300 3202
9009 9507
6791 1567
562 7676
1820 233
1876 8696
1043 5894
3816 5963
6415 1684
3236 499
4335 5618
1641 7279
743 3549
3951 3608
7334 1352
8142 4784
5340 5711
7985 7001
573 4542
5737 457
4606 8571
4247 9276
5367 3020
8514 2089
5308 9278
2933 9020
9425 4546
2286 3997
8329 1560
8034 3366
1993 4679
5541 1892
9396 4215
418 2256
5189 2169
8037 9105
1443 7781
7141 2677
9540 6368
8682 508
5577 8243
8486 1249
7549 5261
5154 1234
132 5825
8383 1637
7830 1131
796 2581
7248 5221
3241 4994
3416 5806
521 4756
9056 8237
3807 149
5221 5728
4764 5650
6937 205
49 765
6968 1658
8051 5059
6718 6056
383 5062
3943 4804
2412 6701
8430 6198
8655 5091
5075 5563
4139 3391
3347 9447
3812 5931
6867 7032
4451 9358
1444 8976
420 9158
2544 4533
585 6547
11 6388
2363 2171
9311 6045
2089 4780
1106 3180
5618 2680
6269 68
7355 668
2724 9138
3306 491
8760 4154
1526 47
618 474
204 5023
1579 4559
2933 5285
1035 252
966 855
629 2159
5536 846
6234 43
3024 3089
53 1638
8959 3084
332 5368
8430 8276
1769 655
2818 3009
743 4965
5897 3331
5660 8366
7093 7339
9379 3854
2588 6034
6951 7365
2251 4141
4744 590
9453 5535
6397 6900
8076 1174
426 8160
2257 8949
1317 1828
3881 6750
1067 4519
843 4033
1296 4743
6638 1537
5664 429
7530 5969
4862 3332
2108 507
4840 7454
5243 453
2469 720
5668 9621
4628 2668
5149 6724
5973 5129
5232 5957
6745 7260
7884 2886
7635 8715
9389 2143
3894 7175
7585 55
8785 6452
9010 6767
8778 5186
7125 3765
5164 4372
9000 3902
8344 4356
7195 4823
2462 9305
6460 9504
439 8908
5426 1757
4308 8295
9445 8097
4144 5537
3680 178
6347 5863
2886 6839
6983 2308
674 7162
197 7940
6928 8587
5574 4570
7742 2847
9669 5463
570 7847
6358 1614
4494 2187
3353 579
8944 7358
5807 1493
5542 3064
5983 3387
4082 108
4821 3605
7276 6529
9315 7105
6866 4634
8027 2005
9133 4769
9734 4446
1067 4443
6334 4805
4989 550
8282 5402
7273 4571
1512 7298
7156 815
5166 2673
9269 2605
2281 7947
9610 7995
3323 3107
7060 2925
3926 3298
7149 9497
9559 6982
71 5427
8890 7758
7080 5156
8335 1798
4088 544
275 3772
4171 6297
8481 5715
2795 6952
3762 2419
7989 9168
7203 9711
3154 1788
2046 6881
7546 8289
4971 8059
18 3669
3311 4025
4290 7539
9516 6695
8315 6084
6010 7672
5314 3577
5634 660
1099 9055
9375 5751
1101 6351
6788 32
1853 4285
4380 3448
6947 9025
8898 1446
3426 177
1944 9423
653 2840
4185 5226
7465 4095
1976 3671
7121 1604
4385 2694
2188 5453
8033 8422
3105 8691
829 8675
1474 2265
3973 722
2038 7106
3731 4124
7461 6798
9108 219
247 2219
3284 3733
4592 6237
1462 9465
7260 6813
9343 4262
9469 4759
7598 8150
1646 9047
8006 2272
9004 2499
1920 5669
7995 6920
3516 3075
6764 1759
2862 7794
4035 4092
3482 3345
9694 2780
8716 3256
682 3076
9154 2418
783 580
9619 7073
8707 8837
6187 552
9632 742
5641 8510
8494 693
1676 5951
7420 2752
6268 1250
7388 3270
4289 4868
2122 3441
8227 4999
3863 2382
7911 8235
146 8627
483 5810
9550 5761
2911 2517
1946 3097
7969 2555
5875 2865
2860 4597
2488 8662
1319 8356
5516 5927
8273 5330
9378 2352
1383 8978
309 5344
8127 7645
9473 4001
2577 9282
7486 7923
9167 9182
2730 1642
7824 4397
2840 7393
4254 6236
6064 8052
4448 4563
3043 9258
2391 8191
5769 4392
432 6270
3279 6146
7008 1336
575 8734
6390 957
247 1938
7640 2741
8535 3832
6564 2041
4287 3641
2809 4998
5724 1817
7676 6678
3790 1913
67 416
7111 1597
9028 2379
6713 9436
8053 4197
6213 4268
6414 9386
8319 1339
5685 8962
9181 7965
1041 7706
1064 4471
3811 3905
4334 3991
1216 1507
5032 1675
7034 6634
4247 2945
4992 1566
3672 3177
4431 735
975 1344
7950 949
2640 5967
5548 6212
6690 4717
7722 8879
3538 1971
4010 2701
3854 8534
7641 5162
9611 7833
7436 7772
8 7868
7087 5816
6486 9095
5171 6870
7158 748
1418 8659
7989 2632
7806 5683
2836 7564
8331 1692
7358 2369
6876 4015
3294 6123
5788 1270
5968 6905
4034 1882
8352 6413
2732 9037
2948 4970
302 2970
5636 3809
7844 2355
8990 7500
3304 5363
5777 1005
1944 3011
3757 4083
8342 9110
199 2614
1762 8546
6002 6972
7077 8252
7917 1952
586 286
2665 1980
4688 5910
2358 9581
1841 514
2859 1873
6778 8079
2483 4575
1004 5657
4376 5130
8534 3051
1425 6258
5704 7938
6688 9474
625 3263
6246 3427
3650 1935
3687 4424
8591 8604
8962 2268
3727 8829
2768 7200
7775 1235
2660 7075
5285 1374
2159 2846
9200 8099
2551 1966
5128 2146
4640 3372
7262 7247
7064 9210
187 3845
5428 3830
8406 8647
5424 2624
3620 8910
3593 8638
6951 6543
3668 5486
1130 3768
8087 2361
9153 9414
2345 6325
3326 5220
5211 6375
383 2838
8015 8882
8813 9146
6666 8775
3132 9270
4603 4845
6910 1972
4220 8498
5846 5899
3493 7340
5546 636
9417 8489
3810 281
5241 2726
4028 2621
5721 3422
5188 5575
3421 6840
3929 2950
4712 5771
714 896
2244 7098
5449 8479
3655 6293
3404 8972
3796 1527
8859 4198
3618 6476
4380 5246
5370 8854
6823 2316
4292 9563
4206 3696
1472 3494
1045 8963
9446 745
7153 6766
2877 3879
2728 7816
6818 1423
393 2612
4978 3855
6742 5218
1561 2073
1617 6824
8363 9271
4988 2502
1509 390
1233 7753
6964 8250
1272 1226
3897 1185
2066 6272
3571 1529
7382 7333
5942 1163
4667 8332
4439 2449
6709 597
9195 8350
1088 3903
8356 4482
5381 4610
4276 5234
172 6687
6012 7584
3326 1310
8853 85
1876 5972
9592 8932
554 2548
5561 2052
7505 8794
8844 6215
2729 1146
629 2853
4040 9562
2818 3442
2530 4721
1875 1961
4461 3317
5804 37
3563 5649
7955 6416
5114 1513
5953 4283
7031 8599
4845 256
6034 2656
6148 7313
1874 8214
8381 3047
6355 893
4344 8169
3371 6029
4454 1048
282 368
6241 6164
1051 5320
9632 6967
5877 6278
9686 9215
8185 8685
2609 5247
7052 5647
3880 1282
605 1345
2902 6548
9364 4164
7312 3587
4823 8287
3301 5305
1894 914
2988 5098
7349 3724
5074 4370
2929 4607
6210 9162
5685 6738
8554 8730
4356 4
5229 5382
7023 2448
9153 6323
4891 6080
2850 5279
2939 8527
510 2512
8790 4044
7510 2394
3666 3128
47 7171
6117 922
6529 8803
670 2189
640 2754
77 5813
3317 5259
4940 6702
5666 2445
395 8782
787 3806
6520 4056
419 316
802 899
7533 6319
6719 8018
7540 770
4178 8957
7379 1707
3292 8261
1983 4237
9192 5954
998 1916
7799 8556
3986 2464
2793 2475
6170 5570
7027 8238
1946 2936
2492 2383
34 4231
6907 8765
5653 52
7538 5867
2843 4887
3580 3579
5915 9661
1260 2166
1167 4109
2486 6611
9070 4752
7623 1877
5196 2404
9613 5262
557 673
632 4393
9271 5631
8398 4394
5733 2913
7982 2798
988 667
7260 1204
3564 2720
3720 6761
5213 2374
6820 5619
7959 3262
4881 7914
8636 4742
2375 7309
4553 2254
1284 1908
1487 1080
915 3967
9655 6184
6344 1598
2917 7496
8356 7768
7623 487
7392 5233
6391 2360
1998 6684
1168 955
7243 3465
6707 1716
8179 1636
2852 7364
257 2651
6563 8019
3066 4665
4806 5564
1192 7708
9155 5376
5194 6502
1871 5879
1401 2233
1740 8242
3475 83
3751 2985
4534 2634
2341 4560
5186 3674
3423 711
5321 9717
4366 5024
4927 2804
5969 6819
847 5783
4082 5591
6814 7422
4657 8017
5088 3815
5563 5448
5762 1307
8891 8469
6055 3264
5187 8538
7448 1525
6143 5528
5456 5040
9445 3098
9108 2197
9233 3739
4615 5107
8930 520
9414 5079
9575 3385
4576 8149
2429 9704
3005 9664
6348 3275
2010 9058
1337 1490
9691 4474
5011 9701
9516 4068
3442 1034
7300 8000
5000 6303
4400 4694
2861 5494
3484 2472
6085 36
965 5207
7200 1585
7589 4120
5907 1356
5931 7570
9286 7297
4817 545
249 577
4742 2574
114 5665
1121 5911
4059 7517
8476 2282
197 141
3432 2307
6117 8547
4388 9244
8599 2976
7692 6796
7667 5857
2225 6211
8517 7852
5071 7878
4536 4447
8161 6106
9272 564
2340 832
1094 1586
6561 8188
8307 6503
426 3647
786 1752
8629 8199
3228 3626
7033 6759
1204 9194
1289 372
9107 3690
8978 2557
6362 8294
1399 6081
2311 3970
1557 9724
3202 7792
6665 5118
7245 3601
2795 6596
3493 5420
8511 3229
645 2619
5858 7515
3916 1265
1178 2890
3504 6453
7726 7537
3067 8458
554 8728
7576 8532
793 6877
8766 5126
3173 2435
7979 8436
5011 638
6140 350
7276 3557
2890 4302
5956 5306
2145 3745
649 6403
1847 2386
5620 3800
359 5519
4465 3189
7022 3217
4220 7396
5316 5673
6378 5307
1416 5924
9175 6914
3647 1112
3245 4046
1657 1667
2405 1849
8774 6306
9321 7256
2324 3755
4666 2025
7404 4591
9206 1476
3279 7566
2544 8612
1853 1821
8489 6490
2354 8103
3877 5980
8959 9151
276 9316
8354 2331
4066 4819
6904 4062
4174 4169
3558 5248
1751 8620
7560 6023
2995 1153
3223 7846
6399 1170
5988 1532
3550 6595
4670 6733
7226 7765
246 1941
9619 1763
9267 3864
8819 6114
4116 3993
1578 8866
714 627
7522 6197
3227 504
4942 6189
8347 7099
2649 8789
9043 9148
4993 4180
1390 2392
3636 8501
3371 680
4378 5944
5023 6250
3525 2767
2321 5776
2953 616
80 9112
9696 8153
3614 8553
9028 2468
6742 1440
4124 2148
9499 3710
4199 3172
2130 6398
7073 5555
3780 8411
3811 603
9304 1608
9243 595
1197 5281
8797 6498
5814 4800
5680 3761
1638 9733
5207 6102
815 4418
4228 1326
9585 1129
1917 525
8516 6552
4621 3596
5077 8056
2395 4369
4122 4014
6836 5573
7083 4852
642 5254
5910 1995
8565 3410
7762 1957
7737 1209
1810 4126
6712 6697
4147 421
1233 2966
7372 9284
3173 3045
4329 4235
8988 6038
3676 718
4596 582
3193 6536
6047 2142
9270 2652
5445 6993
9467 4531
5264 1196
965 3487
5867 512
6854 2201
7334 4702
6538 859
9439 2436
7781 2689
6932 123
3832 8644
2598 6126
2565 4408
3344 3743
8154 9551
2351 5882
1667 4490
2283 8036
8796 1008
3689 6424
5188 516
2127 8754
497 3056
1250 5472
3126 7642
3309 1217
3020 4747
2898 5403
8684 7399
5616 2750
5337 6956
3922 4407
9678 6356
3353 6359
1265 4099
3499 1194
4238 7838
5504 9477
2525 9214
385 4739
2816 8094
6926 9274
1677 519
4113 2183
8682 9197
8677 1124
722 1728
3428 5265
9748 5467
8419 8039
9050 609
8992 4564
7264 2235
3705 8413
4404 3910
3601 5627
5343 226
786 8280
3950 7127
4805 3108
5033 4130
2667 6848
2358 6230
2177 6353
5582 1157
1382 5539
2957 2459
4106 3237
6985 6540
5225 7574
3698 7118
5657 7261
8530 961
5010 1438
9064 340
9672 610
7741 5702
2802 2196
6061 3403
5695 5168
2489 8349
2168 6734
5681 6945
8337 2646
7555 382
5648 3325
3990 1031
1827 7180
5406 3125
8072 8403
5048 4525
958 92
3643 3435
1531 258
7648 9578
4758 3559
2466 8877
2855 2755
5277 5700
3526 7009
7362 1301
9056 6674
3669 6078
4303 4973
5614 6568
6102 8985
6221 2497
9632 6163
9290 5860
8955 8968
8856 4441
1219 2773
3165 6862
5311 2051
14 7282
3427 6847
9011 4282
2144 180
2702 5789
7349 6336
2722 3798
3740 9120
8242 7432
1310 2659
1627 1025
3887 2238
269 3092
9211 4257
3439 6202
1602 2856
8579 2736
8672 3099
8228 1450
2180 5684
7680 6119
5985 6620
4828 6308
8756 1503
7095 6352
6515 3848
7678 2812
7448 6627
2222 9341
7465 6395
8208 3946
6398 9654
4547 4611
6634 1018
1788 8143
4219 1488
7659 6364
3361 641
1154 8374
4585 6156
8796 2922
830 4080
9013 6382
9087 4836
7082 8846
9376 1888
4556 6940
4530 195
5232 7042
1983 8806
6663 7583
8957 156
3088 5533
7320 2059
8864 9421
1642 2174
8910 5052
7477 9169
9294 7853
4896 1361
7878 2644
9335 1829
8823 5272
8973 1075
6161 8117
1725 4577
8072 1411
7261 7707
7121 4928
2562 8779
5496 8793
2690 5586
715 2650
7167 3276
7985 1084
5008 3363
7502 1844
9525 1795
7996 4921
4124 7627
3066 599
1509 6022
7926 7062
4847 7374
4381 8847
5903 431
1133 7294
114 8317
5606 5276
6653 7378
6396 7880
1314 2887
2549 3001
1646 8865
139 2599
3090 9027
8571 5893
3982 2927
7375 8589
2837 840
9260 614
9258 7797
1908 8499
4773 2824
8285 7182
9691 3715
6922 6015
7967 3630
5616 4505
1125 4233
3867 6720
8321 9053
518 3941
4595 9097
3481 3491
2463 758
5957 831
428 5558
8466 8824
5878 5429
6078 2269
3670 48
7238 8625
8079 1379
318 5838
1478 4834
1009 2053
520 4042
7722 2715
1636 5597
155 8478
9132 2173
9475 8050
6592 9022
4432 8439
7651 4239
9371 996
8212 2631
6451 827
8391 4022
2362 3921
1899 8107
7963 4007
685 7636
7581 6448
5979 7999
7892 3093
8379 301
8515 1890
3407 101
9298 6082
7529 4177
1263 1848
7557 5457
1729 6229
9182 2626
8232 3969
3679 5572
1320 8543
3259 4562
6832 5571
5607 2088
4778 3469
7236 8502
4330 708
8648 8417
2985 4878
7892 2234
3373 2317
419 3820
477 8656
6323 7258
4626 2275
738 9123
4026 1198
6458 5984
3675 5155
8278 794
8800 9695
980 2594
1728 7939
9285 904
6613 160
2787 5630
7454 8982
2352 6555
1258 8157
7354 9224
352 5803
9348 602
8545 7848
264 2603
2386 1496
4000 347
4757 7755
9537 2287
7438 234
6958 9491
8015 5433
3138 9137
9643 2186
600 8137
1162 2064
5546 8386
5675 1050
6757 3568
4407 6266
8918 6005
9494 8306
2491 5390
1776 9534
1086 3737
9216 6442
7713 5364
747 140
8593 1862
2910 7224
3126 4488
1906 9403
5679 2765
3686 7760
1028 2223
5516 9219
5779 9180
7706 5523
6542 5703
7590 1985
7599 6057
8383 2112
1296 3291
6298 9432
4823 1630
8140 2071
8519 6172
4312 571
5485 4981
6421 2024
719 5805
4301 7230
2045 536
4260 6279
927 4245
6085 6027
5380 1732
346 3314
1424 7196
4787 4682
5925 111
3038 8832
4273 6456
830 4210
3031 656
5576 120
1529 5840
863 7021
5731 4107
4486 5102
5123 807
5923 4442
7003 1144
1945 4270
1983 1718
4008 524
1201 277
7915 8561
308 9016
8499 8622
6941 3851
7850 4895
4189 6147
4771 6186
8233 5713
2599 1570
8751 6662
455 89
3125 999
6410 4272
8492 2709
9572 4783
4580 2458
4212 389
7324 8915
4187 8788
6601 7675
943 3393
3529 9646
7481 9098
8555 7112
8104 7184
4620 731
3304 4250
2445 7215
2651 6430
9749 4652
4107 8784
7263 5796
9584 9232
5889 2356
3495 9624
213 1857
8307 9360
3376 2528
1078 5490
1408 8706
4503 3773
1701 6582
6839 4616
7405 5080
4801 2220
6767 99
6611 8984
2601 8463
6835 5209
7405 4844
3547 5263
8432 9652
8217 1861
2017 8040
4831 6477
408 7331
8542 9014
2854 8549
5999 8592
6049 4520
5840 3611
1884 3218
9431 9459
9382 285
8347 3633
7743 6240
5519 5222
9450 2889
7113 4140
7572 8106
3394 5414
1410 355
9278 4651
483 6865
7466 795
8219 553
6309 6500
4730 7108
9431 5799
4139 1536
7581 7442
3525 4537
2987 8811
7434 5120
2300 4457
6625 441
9427 3286
6899 6669
137 1419
1426 6825
3231 1066
6350 2115
9532 8610
3696 8694
9214 5287
5082 4298
8206 2779
950 1333
407 2247
615 4096
3838 9705
713 2337
6355 9419
8161 7980
2886 7898
1866 2587
3669 5069
1367 7159
712 96
4055 8433
1541 7218
1113 1612
7504 4073
5197 6973
2634 6717
2658 8184
8417 7321
1114 5912
2856 6167
7272 5689
8180 3280
1726 6579
7392 5600
132 2050
4960 6642
625 6673
7754 4071
6616 5065
5333 5442
1791 8495
7591 7745
1124 5152
2387 6485
380 3712
2249 5392
1003 9367
4394 3964
8845 9229
5757 5836
7201 4741
8606 9251
9012 1898
5485 7493
248 6182
3928 4515
9538 8029
7653 2633
1555 7624
3647 6463
2304 8485
6952 7871
6464 9615
9082 677
8182 1395
6168 3658
4887 3383
4871 684
4974 5714
2400 3501
2536 604
6740 9634
6081 6256
7801 4252
7815 7437
8920 8004
4280 8975
2333 9249
4125 7567
6515 2685
5966 5437
7717 6432
9096 1635
1130 7974
7511 8045
662 4509
7737 6338
304 3033
872 2944
9221 144
6545 6779
356 918
4858 475
5000 3419
5996 2545
9222 1292
4700 9509
5523 4699
2235 9710
9148 3183
5037 1213
9475 1029
6406 1300
8308 4872
3149 5177
2323 3307
2314 7715
2647 5410
4623 9368
1853 3502
6820 2904
864 6100
8255 4398
4124 7287
3319 243
6683 1504
3028 8387
9231 5734
8368 4230
1483 7322
4279 7948
4550 4867
3445 2432
7374 3339
5447 7440
1776 4076
1596 4218
9007 9495
3450 5960
7410 5267
4684 3847
4821 7582
3526 7018
6499 1686
4419 9220
5370 2620
4978 9455
2774 924
8187 8783
4034 1797
5504 6009
7902 8288
1741 5884
7697 2123
8906 8905
3443 935
8984 6943
3269 4016
635 4323
1284 5195
8655 7744
3936 6343
1071 5421
6120 2346
2759 5671
5642 4387
2529 2821
5723 2941
5226 3978
8 9273
2280 7674
7984 7763
3489 8886
3729 756
55 5785
1494 3600
4901 1473
8211 1581
1998 9411
2292 8066
1649 7647
6534 6571
4612 8590
3365 5147
3221 4629
8144 6526
9666 5658
7824 3505
6651 1872
2619 2797
4670 7308
4165 8705
1315 3968
7984 7433
9664 8120
6978 1042
9343 5103
3276 7506
9093 4609
8414 7030
1245 3357
5832 9707
2697 1053
7444 4608
5385 2670
3592 7803
2512 3386
5294 7122
7004 1936
1111 5593
2972 2118
2805 6409
2692 4389
2644 2217
4294 424
7036 4331
6160 7705
991 6094
7025 2884
1553 278
6884 3996
2665 4690
2243 4313
3865 2610
4138 7600
60 3545
6660 6504
4350 2907
9586 2259
1395 337
824 5929
3391 7757
2371 7041
5586 3004
7883 1558
7332 5900
430 7417
2537 6026
301 5051
1865 3963
7140 1218
8577 4487
5646 8708
5105 4976
1974 2301
9716 9437
2937 1187
8953 229
7434 2892
6866 7348
2720 4726
3634 7209
6989 5251
3378 6175
1900 8758
125 6474
4429 7012
6134 6408
6064 7508
5225 6017
5773 8046
1061 8297
774 8239
2417 5352
1303 7821
3035 7400
1422 9635
7357 1127
9156 2270
5285 6774
5455 115
7544 9713
6483 8828
9453 2294
2016 3802
2861 7559
1155 6407
740 8385
2303 1309
8291 4079
2452 241
6623 8597
8470 9630
2624 1348
6675 2258
4677 6035
7215 3377
2061 168
2721 5135
2912 8088
6533 21
1169 4168
1735 2725
5275 7879
4211 4103
1931 129
2009 9281
2735 2595
6464 5839
843 3219
1749 3699
3239 1227
1028 6804
581 5329
8194 7542
1327 1652
4602 4470
2564 960
1511 1933
2679 7535
3244 6984
8070 3801
3222 6113
4878 1724
5510 3483
8646 4931
9053 5981
3596 1902
2890 4944
1830 1681
2314 5431
7673 5885
5170 1351
8163 2330
5330 5115
190 5871
7256 1305
9650 9174
1148 4959
5283 1027
3926 7893
2398 9329
3300 3470
3913 9622
8607 5085
6 8275
1392 2785
2332 2397
4801 1482
8976 6598
3255 8704
5835 1366
1856 9757
9010 8787
9724 1768
602 1696
8007 5356
2684 8574
8880 2157
5831 4991
7999 9561
3920 2734
9181 9324
8659 3722
508 1807
4180 4321
3703 3760
1481 7058
2331 2364
93 4898
6914 5278
7860 484
8443 4048
2107 1335
2833 7592
1154 7780
2569 6650
4501 9334
4275 5752
4684 6178
1400 4435
624 6849
8967 259
8780 771
1053 2572
4314 8945
2498 4223
7135 5764
168 631
3590 3583
3661 2882
4353 3736
5013 5850
22 3446
784 6288
5089 6986
9477 2881
1543 3152
1175 2810
7433 7595
8794 6152
9585 8263
7395 4753
3600 6497
376 1549
704 876
3665 1800
3087 9293
2412 1767
5323 7040
6642 522
4567 1618
601 9006
7502 325
6472 7456
4102 569
4045 5374
3047 1085
1206 7650
2746 2561
2871 1256
7174 1241
2547 7275
6024 5505
2906 4315
9145 4644
3788 9558
5501 8474
8093 5459
1064 6383
9641 879
7493 6607
1014 7397
6548 661
8675 8621
7031 105
1516 1660
4207 1746
3868 3651
9538 3776
7135 8983
8201 3459
2984 2695
7458 5974
8278 9280
6125 3657
3835 2993
5180 6443
7719 8946
1330 4874
5108 8557
9667 6200
7695 1624
6589 8102
1857 917
8800 3831
6534 2602
7672 6725
4746 9102
738 6997
6598 7165
8507 8101
5940 7501
8084 4873
2198 5605
4878 5888
3178 9036
3993 306
6132 2003
6163 4193
1712 4972
6447 4672
5474 8446
421 8623
7741 7250
9607 6600
6812 8600
98 4673
2593 4415
7808 8522
504 159
4296 8310
5138 5153
8682 6919
967 3207
4745 9684
611 1887
7718 1353
7873 5212
4116 3646
877 6599
4333 948
698 5701
397 3791
5147 5167
123 4919
8597 9117
2166 944
550 3719
5938 6584
9515 6693
8792 4925
1671 4720
5726 46
9278 4491
8270 1838
5273 2250
3232 4588
4677 3898
6997 5309
4425 6122
9692 8284
4761 10
2814 1165
2319 9728
6712 1599
6578 6254
6356 9693
7385 8035
706 362
4517 8772
4427 2329
7755 3329
4863 476
5446 3116
3755 5862
2903 1937
9424 2031
787 2961
5784 9171
509 292
2796 8626
2614 2056
1877 1370
7837 5004
9317 761
8690 8833
5348 7709
7453 3615
7017 5028
6485 8608
7272 3638
4235 854
3415 2964
6582 6481
9562 3303
385 9501
9327 574
2681 2213
7944 7415
8151 6786
2664 8956
5335 3697
8278 6659
693 6366
7164 9601
7760 6859
9234 6637
8534 7906
8605 1038
6469 3677
265 1705
2173 9398
6632 6097
4819 7136
5340 7347
646 5633
7749 3619
1188 3540
7576 3026
2182 2705
5859 1879
527 8309
3043 4529
1989 3721
6181 6369
9011 4458
4680 5124
7103 3095
2841 1891
5578 3578
3195 7472
6183 5709
943 6179
8481 9236
4457 2205
5188 6953
4543 8670
6255 9077
7001 6468
6916 3379
3171 8635
8276 6076
2168 469
9118 3425
1365 7403
7611 5507
597 6565
253 9603
4401 1033
5455 2622
2297 4216
5788 9600
8189 6913
2927 8483
2913 189
61 7181
3869 1393
4886 8842
5506 4827
