99 90 987
0 20 5 22 7
0 85 3 85 3
0 1 26 8 33
1 21 22 47 31
0 73 65 82 56
0 30 38 45 53
1 52 67 66 67
1 60 74 63 90
1 98 34 98 50
0 66 78 78 66
1 88 26 89 33
0 9 6 23 20
0 56 23 68 35
0 44 57 75 88
0 49 26 61 38
0 95 41 98 38
0 21 17 36 32
1 51 32 64 65
1 20 55 30 85
0 29 86 72 43
0 53 33 78 8
1 55 75 84 77
0 24 22 50 48
0 10 23 43 56
0 55 34 66 23
1 3 51 4 89
0 14 74 16 76
1 9 39 41 78
0 74 31 78 27
1 16 17 65 85
1 68 31 89 31
1 30 59 83 77
1 33 41 62 61
0 50 12 83 45
0 5 10 10 5
1 20 16 78 80
0 1 59 29 87
0 54 74 60 80
1 49 9 79 46
0 42 63 49 56
1 24 19 39 87
0 92 89 99 82
0 50 9 66 25
0 92 76 92 76
1 78 22 78 32
1 50 39 93 61
1 70 49 82 84
0 2 71 40 33
1 34 4 92 90
1 28 4 29 69
1 56 32 68 83
0 4 83 11 90
0 55 40 80 15
0 73 55 96 78
1 31 66 87 77
0 50 20 56 26
1 76 39 87 46
0 33 66 52 85
0 18 44 27 53
1 89 18 97 68
0 41 22 51 12
1 37 87 68 89
0 57 41 67 31
1 86 59 93 64
0 79 80 87 72
0 4 23 20 7
1 30 43 42 74
0 49 1 55 7
0 51 2 85 36
0 5 8 11 2
0 14 80 46 48
1 88 10 97 53
0 58 4 87 33
1 86 67 97 89
1 65 32 88 39
1 3 56 94 61
1 14 27 43 84
0 93 65 97 61
1 23 61 51 68
1 52 13 95 40
0 87 13 89 15
0 88 43 91 40
1 16 46 23 82
1 92 86 94 88
1 36 85 55 87
1 6 62 31 80
1 36 47 85 75
0 41 20 53 8
1 38 87 38 88
1 15 13 90 58
0 7 54 36 83
0 5 25 27 47
0 8 77 67 18
1 24 12 60 33
0 14 79 21 86
0 31 70 35 66
1 56 78 71 84
0 57 40 70 53
0 68 68 76 76
0 50 18 56 12
0 38 64 78 24
0 6 35 28 13
1 49 56 89 73
0 4 55 29 30
1 4 4 38 17
0 2 43 8 49
0 88 45 91 42
1 62 80 73 81
0 66 85 71 90
1 65 9 79 34
0 80 82 80 82
0 84 45 90 51
1 22 3 98 61
1 47 2 59 55
0 20 76 28 68
1 28 10 61 63
1 25 88 85 88
0 64 64 71 71
0 83 20 91 12
0 89 75 96 82
0 35 23 76 64
0 5 74 78 1
0 68 76 71 79
0 90 1 93 4
1 1 85 46 85
0 65 5 89 29
1 79 2 92 48
1 58 57 69 83
1 35 13 64 41
0 97 31 99 33
0 93 81 96 78
1 26 14 92 44
0 56 44 65 53
1 95 6 95 80
1 28 58 32 85
0 60 53 77 36
1 36 56 80 57
1 73 40 96 67
1 37 47 56 60
1 59 78 67 86
0 51 10 52 11
0 72 55 88 39
0 51 77 63 89
1 39 87 50 87
1 44 72 71 73
1 75 8 94 37
0 17 11 25 3
0 49 10 57 2
1 84 55 92 78
0 96 35 96 35
0 78 53 90 41
0 21 78 30 87
0 45 52 60 37
0 40 9 42 7
1 3 71 50 71
0 27 44 61 78
1 55 9 98 10
1 26 43 72 89
1 28 55 71 63
1 1 31 9 60
1 29 69 66 75
1 53 21 76 88
0 74 67 81 74
1 95 67 96 79
1 21 74 42 83
1 59 21 93 50
1 37 45 91 54
1 75 39 79 63
1 22 23 54 70
0 7 72 15 80
1 96 13 98 40
0 60 87 60 87
0 31 76 34 79
0 61 79 91 49
0 70 17 77 24
1 62 67 88 68
1 6 37 90 73
1 24 66 96 82
1 14 37 49 71
1 83 22 94 35
1 30 12 37 36
1 37 78 47 86
0 16 30 62 76
1 84 5 93 61
0 47 35 76 64
1 60 39 77 74
0 61 51 94 84
1 9 47 25 52
0 66 28 85 9
0 32 30 66 64
1 26 16 85 71
0 21 48 53 80
1 82 74 95 86
0 99 53 99 53
0 83 24 88 29
1 47 57 80 86
1 38 40 95 41
0 74 43 93 24
1 87 32 90 32
0 40 6 90 56
1 69 68 69 72
0 98 74 98 74
1 91 43 94 73
1 25 53 27 66
0 65 38 84 19
1 18 38 93 40
1 6 86 27 89
1 86 62 88 87
0 30 55 44 69
1 49 73 66 88
0 94 57 94 57
1 28 34 73 44
1 35 74 66 75
1 62 15 72 54
1 79 53 93 90
0 89 62 91 64
0 92 59 99 66
1 40 34 49 44
1 32 72 73 86
1 93 59 96 87
0 35 42 75 82
0 3 84 21 66
0 35 27 62 54
0 40 26 48 18
0 7 76 78 5
1 89 87 91 88
1 94 10 96 59
0 35 87 78 44
1 97 30 97 85
0 79 72 95 88
1 18 18 81 52
1 36 55 88 86
1 66 20 76 63
0 87 86 87 86
1 91 11 94 22
1 51 34 74 57
1 24 86 90 88
0 59 70 67 78
1 67 3 77 11
1 42 19 85 69
0 1 71 37 35
1 6 68 48 84
0 33 6 35 4
0 4 72 20 56
0 72 64 94 42
1 28 40 96 78
1 71 43 96 57
0 35 19 53 37
0 6 45 8 43
1 27 43 69 52
1 45 84 93 86
1 48 16 78 60
1 73 53 99 82
0 13 6 16 3
1 18 16 40 58
0 10 21 19 12
1 41 62 41 89
0 27 73 45 55
0 40 57 63 34
0 28 37 54 63
1 89 21 99 23
0 41 80 66 55
1 77 44 90 85
1 90 68 98 70
0 79 1 86 8
0 41 28 50 19
1 1 19 6 19
0 57 11 85 39
1 88 35 93 52
0 70 84 74 88
1 43 54 73 60
0 60 89 61 90
0 43 16 49 10
1 60 57 62 57
1 86 1 96 54
0 93 84 96 87
0 78 28 81 31
1 87 7 99 22
0 84 4 86 2
0 94 13 98 9
0 25 47 68 90
0 27 28 51 4
1 88 69 94 86
0 42 9 42 9
0 91 26 93 24
1 53 17 64 34
1 26 31 86 67
0 72 51 84 39
1 84 14 90 84
0 97 68 98 67
0 33 65 40 72
1 83 52 90 90
1 74 43 76 62
1 58 9 80 75
1 42 14 47 73
1 26 90 26 90
1 21 61 60 85
0 29 72 29 72
1 67 85 95 90
0 36 19 91 74
0 24 28 67 71
1 44 66 81 73
1 74 15 81 51
0 8 67 53 22
1 89 57 91 75
1 20 61 41 65
1 99 69 99 84
0 1 47 16 32
0 55 85 96 44
1 19 78 25 88
1 46 33 84 72
0 71 16 85 2
0 90 20 92 18
1 55 83 55 85
0 52 9 55 6
0 76 45 95 64
0 9 71 32 48
1 27 1 94 82
1 63 74 71 78
1 34 52 48 67
1 83 12 84 39
0 78 80 86 88
0 23 53 34 64
1 64 9 83 15
1 76 6 88 84
1 31 25 80 58
1 64 85 74 85
1 44 18 56 33
0 77 16 83 10
1 47 65 66 90
0 52 45 61 54
1 99 14 99 47
0 24 85 25 86
1 88 18 92 49
1 8 13 71 15
1 79 2 98 14
0 20 2 21 1
1 57 90 83 90
0 74 36 75 37
0 30 24 32 22
0 28 19 91 82
0 55 42 95 2
1 45 48 96 70
0 32 26 86 80
0 76 51 82 57
0 41 60 44 63
0 77 16 77 16
1 2 19 76 32
1 38 19 79 29
0 95 78 96 77
0 28 81 69 40
0 73 11 81 3
0 66 58 68 60
0 9 89 43 55
0 79 9 86 2
0 46 82 79 49
0 47 45 61 59
1 35 26 40 49
1 7 2 20 14
1 20 59 54 82
0 83 44 89 50
1 68 20 68 53
1 91 60 97 72
0 81 61 95 47
0 58 47 60 49
1 88 27 90 67
0 77 42 78 41
1 59 88 61 88
0 89 3 89 3
0 30 85 69 46
0 85 28 94 37
0 2 86 5 83
0 95 6 99 2
1 12 39 82 66
1 4 75 75 79
0 54 25 92 63
0 38 37 56 55
1 39 76 75 87
1 84 67 84 67
1 39 76 72 88
1 44 7 62 60
1 76 85 98 88
0 33 89 33 89
0 60 61 66 67
1 69 79 75 80
0 37 83 37 83
0 89 71 99 61
0 59 49 93 83
1 68 54 87 63
0 89 76 97 68
0 87 85 93 79
0 27 23 42 38
1 93 38 97 73
1 59 6 97 75
1 44 22 96 67
1 31 46 44 70
1 18 47 79 63
1 90 39 94 69
1 16 37 32 47
0 74 38 85 49
1 44 12 77 74
1 59 79 66 85
0 98 5 99 6
1 65 19 98 31
0 14 87 14 87
1 8 54 74 63
0 34 67 68 33
1 98 81 99 85
0 9 71 52 28
1 10 9 80 73
1 23 84 85 88
1 90 5 99 69
0 9 63 25 79
1 42 59 53 68
1 61 15 75 89
0 89 27 89 27
1 13 12 51 46
0 41 1 41 1
0 74 24 77 27
1 59 69 64 88
0 66 72 90 48
1 42 34 66 89
1 75 44 84 90
1 99 88 99 88
0 83 84 85 82
0 61 79 74 66
0 21 38 36 53
1 36 15 84 23
1 57 22 82 51
1 57 1 59 10
0 91 18 99 10
1 94 54 98 57
1 57 59 69 77
1 37 4 62 46
0 68 28 85 45
1 10 12 69 61
1 82 62 83 67
1 37 63 96 82
0 93 44 93 44
0 18 74 30 86
1 54 24 84 50
1 45 2 85 40
0 71 23 94 46
1 48 6 89 67
0 44 32 77 65
0 1 20 20 1
1 61 23 88 80
1 90 80 93 82
0 61 42 94 9
1 58 52 92 81
0 67 13 99 45
0 14 51 25 40
0 76 78 81 83
1 95 67 96 83
1 93 28 94 32
0 9 85 14 90
1 8 6 65 35
1 28 34 28 48
0 30 7 64 41
0 34 69 35 68
1 72 72 90 80
1 68 34 90 51
1 57 2 75 61
0 68 89 69 90
1 7 23 20 56
0 78 78 80 80
1 40 63 76 85
0 30 4 56 30
1 84 71 86 80
1 58 59 83 67
0 33 76 44 65
0 38 63 66 35
0 76 67 79 70
0 98 25 99 26
0 42 66 47 61
1 41 57 72 62
0 20 44 62 86
1 4 88 83 90
1 80 19 95 27
1 61 62 85 86
0 87 80 95 72
0 9 73 75 7
0 64 50 93 79
1 41 71 94 85
1 50 15 50 69
0 50 19 67 2
1 39 49 75 86
1 24 18 88 21
0 79 82 89 72
0 41 32 59 50
1 67 10 88 74
1 82 82 92 86
1 86 16 89 60
0 56 33 58 31
0 7 35 40 68
0 76 29 99 6
1 5 87 26 88
1 96 33 96 69
0 42 41 75 8
0 65 48 82 65
1 91 48 92 76
0 8 3 29 24
1 46 51 64 73
0 77 85 79 87
1 83 65 95 82
1 74 63 93 77
0 76 33 87 44
1 23 6 47 73
0 77 15 83 21
0 71 59 74 56
1 97 85 99 85
1 59 30 98 68
1 53 38 73 50
1 39 85 44 86
1 77 87 90 89
1 17 71 51 86
1 1 80 33 89
0 99 2 99 2
0 5 22 22 5
1 17 55 77 69
0 88 83 94 89
1 96 33 96 52
1 9 71 33 80
1 95 62 97 85
0 91 75 93 77
0 7 89 8 90
1 44 66 88 78
0 65 21 74 12
0 94 22 94 22
0 27 67 45 85
1 38 26 72 85
0 63 24 64 23
0 88 22 93 27
1 74 18 76 31
0 21 74 22 73
1 47 36 51 69
1 16 59 80 60
1 56 34 68 71
0 63 80 88 55
0 51 49 87 85
1 48 49 60 65
0 49 85 49 85
1 69 10 90 27
1 65 48 87 85
0 45 8 48 5
0 49 36 63 50
0 61 42 82 63
0 3 75 29 49
0 75 27 95 47
0 69 75 89 55
1 68 13 69 82
0 33 62 62 33
0 97 66 99 64
1 97 89 97 90
0 76 56 95 37
0 58 27 61 30
1 15 27 74 43
1 70 63 89 70
1 19 77 68 88
0 71 63 90 44
0 2 59 53 8
0 16 20 20 16
0 35 67 70 32
0 78 66 89 55
0 95 52 98 55
0 78 55 96 73
1 58 39 87 60
0 21 27 40 46
0 71 30 84 43
0 82 39 89 32
1 4 10 4 69
1 21 29 94 81
1 25 70 42 77
0 99 47 99 47
0 92 6 93 5
0 24 30 35 19
1 71 47 78 80
1 7 51 78 87
0 17 67 82 2
1 13 30 26 39
0 71 37 98 64
0 21 69 29 77
1 24 14 27 60
1 73 86 90 90
0 4 7 43 46
0 97 61 97 61
0 79 1 97 19
0 22 13 27 8
0 71 71 91 51
1 96 86 96 86
1 46 10 47 83
0 40 19 49 28
0 28 7 32 3
1 10 54 51 55
1 67 5 86 37
0 62 12 62 12
0 19 78 19 78
1 43 63 76 76
0 74 89 87 76
0 11 89 12 90
1 16 67 95 79
0 66 69 75 60
0 81 64 82 63
1 96 11 98 17
1 81 25 92 45
1 26 89 40 90
1 23 20 23 51
1 43 90 49 90
0 70 5 77 12
0 73 9 84 20
1 7 50 21 58
1 7 82 49 89
0 47 11 56 2
0 85 54 95 44
0 95 90 95 90
0 11 78 12 79
1 16 2 22 70
0 26 10 39 23
0 5 11 12 4
1 51 61 54 79
0 72 65 81 74
0 97 23 98 22
0 58 78 58 78
0 9 66 65 10
1 54 79 64 90
1 58 11 77 18
0 57 23 68 34
1 49 63 97 74
0 35 49 49 63
1 53 75 55 84
0 71 80 75 84
0 8 17 59 68
0 6 77 7 78
1 63 13 91 31
1 94 41 96 81
0 95 22 95 22
1 82 18 86 82
0 99 7 99 7
0 34 58 59 83
0 48 28 67 47
0 10 6 13 3
1 66 59 90 90
1 91 18 93 76
1 83 71 96 72
0 95 79 97 81
0 21 74 36 89
0 52 22 60 14
1 53 73 85 77
1 47 62 99 70
1 24 65 80 76
0 63 34 87 10
0 49 39 70 18
1 18 73 84 87
0 22 70 54 38
0 71 13 76 18
1 92 26 98 35
0 50 45 85 10
1 89 90 94 90
1 13 11 38 77
1 80 19 92 71
1 78 51 89 68
1 61 54 80 85
1 38 5 51 14
1 66 65 78 75
1 67 75 77 80
1 15 89 79 89
0 97 62 99 64
1 44 10 45 48
1 6 82 46 86
1 4 48 88 48
0 27 37 37 27
0 25 50 42 33
1 61 53 89 60
1 72 69 85 79
0 61 19 73 7
1 71 58 72 62
0 74 45 97 68
0 2 42 18 58
0 43 75 48 80
0 16 24 36 44
0 36 43 51 28
0 53 11 54 10
0 1 64 2 65
1 47 72 79 75
0 25 81 25 81
0 45 57 63 39
1 87 15 88 81
0 32 61 37 66
1 20 65 52 69
0 32 45 74 87
1 4 47 94 84
0 58 37 87 66
0 56 70 62 64
0 31 48 47 32
0 88 69 96 61
1 67 88 83 88
1 81 10 87 82
0 21 76 63 34
1 2 68 8 74
0 27 14 35 6
0 32 66 75 23
0 41 73 52 62
0 52 13 56 9
1 41 61 57 73
0 36 32 43 39
1 22 27 87 66
0 8 13 32 37
1 65 9 86 71
1 72 70 80 85
1 9 74 34 78
0 33 83 36 86
1 15 22 15 82
0 2 19 20 1
0 71 4 71 4
1 23 87 59 90
1 6 37 24 70
0 56 35 82 61
0 32 5 34 7
0 12 88 30 70
1 58 40 95 85
0 92 31 94 33
1 87 21 95 78
1 72 68 81 69
1 76 7 78 87
0 2 87 25 64
0 85 31 91 25
1 42 80 75 80
0 31 65 36 70
0 56 2 93 39
0 51 1 89 39
0 82 66 96 80
1 96 42 99 63
0 14 82 59 37
0 99 48 99 48
0 64 9 72 1
0 56 58 56 58
1 98 84 99 84
0 39 68 48 59
1 63 82 87 85
0 99 76 99 76
0 48 15 60 3
1 60 74 83 87
1 92 36 92 89
0 71 35 94 12
1 71 56 72 85
0 74 44 92 62
1 2 24 68 87
0 52 84 95 41
0 58 86 58 86
0 99 86 99 86
0 9 43 29 23
0 70 73 86 57
0 87 83 93 89
0 89 49 93 45
1 64 84 65 86
0 74 23 94 43
0 15 19 78 82
1 57 30 96 72
1 35 38 82 90
0 98 14 99 15
1 84 62 89 70
1 63 18 99 74
0 42 51 61 70
0 62 52 87 77
1 17 43 24 54
0 92 22 97 27
0 18 74 21 71
0 56 2 56 2
1 7 30 72 44
1 88 11 93 19
0 65 33 87 55
1 65 25 74 54
1 68 66 74 84
1 84 35 97 46
0 97 52 98 53
0 35 73 52 56
1 31 60 70 90
1 55 12 70 67
0 91 79 98 86
0 57 65 79 87
1 48 7 59 71
0 63 66 73 56
1 74 90 84 90
1 77 74 81 76
0 8 57 35 30
1 32 37 93 52
1 69 45 76 72
0 49 33 64 18
1 61 17 88 50
0 8 13 78 83
0 12 61 14 63
1 44 57 52 63
0 39 20 40 19
0 51 11 59 3
1 49 68 95 82
1 20 29 48 74
1 65 18 70 90
0 19 42 32 55
0 11 32 51 72
0 11 66 15 70
0 57 62 74 79
0 58 44 74 60
0 9 44 37 72
1 82 40 96 54
1 13 65 75 84
0 78 22 98 2
0 68 56 87 75
0 36 21 52 5
1 6 23 67 76
0 33 13 81 61
0 52 79 71 60
1 95 72 95 86
1 88 18 89 35
1 28 18 57 30
0 4 13 11 20
1 70 49 90 86
1 84 80 84 89
0 35 15 64 44
1 86 71 99 80
1 68 43 86 64
0 94 76 97 79
1 58 23 78 40
1 85 44 86 65
0 82 42 85 45
1 30 69 95 70
0 93 24 96 27
0 58 43 89 12
1 3 84 53 89
1 6 14 14 40
1 19 78 25 89
0 39 22 45 16
1 9 59 86 76
1 73 25 95 26
1 69 60 75 78
1 77 58 95 87
1 7 41 36 56
1 5 35 67 79
0 6 67 6 67
1 7 14 86 14
1 91 33 93 35
1 68 62 77 74
0 79 47 99 27
0 78 17 86 25
0 42 18 54 6
1 81 68 88 86
0 88 79 89 80
1 60 86 68 88
1 54 65 81 69
1 43 34 51 68
1 47 56 95 72
1 52 41 82 45
0 64 16 71 23
0 8 34 25 17
1 65 72 86 79
1 55 47 95 67
1 9 28 81 59
1 92 8 92 18
1 63 3 75 79
0 27 67 48 88
1 29 72 50 74
1 65 16 78 87
0 84 47 99 32
0 59 59 65 65
0 57 27 79 5
1 22 84 47 90
1 48 30 70 69
1 14 16 29 26
0 9 86 58 37
0 77 11 79 13
0 62 50 92 80
1 94 86 97 87
1 33 41 41 67
0 52 2 82 32
1 42 37 87 47
1 4 50 67 83
0 61 68 80 87
1 98 81 98 82
0 21 63 21 63
1 81 3 97 28
1 59 86 85 86
0 88 80 89 81
0 84 45 98 31
0 61 9 86 34
1 16 87 99 89
1 1 73 3 83
0 55 89 80 64
0 6 13 6 13
0 52 53 62 63
0 77 14 84 21
0 85 51 93 59
1 38 18 61 26
1 1 45 87 78
0 29 58 65 22
0 12 44 14 46
1 37 56 81 75
0 20 77 60 37
1 63 80 95 83
0 1 14 19 32
0 71 48 81 58
1 6 40 31 51
1 91 81 95 82
1 76 30 91 62
1 57 59 75 67
0 13 9 92 88
1 83 76 87 89
0 98 24 98 24
0 16 10 73 67
0 41 22 52 11
0 50 39 52 41
0 53 41 88 6
1 17 81 82 83
0 53 78 58 83
1 8 82 35 88
1 12 7 61 88
1 53 53 74 83
0 58 84 61 87
1 3 53 18 82
0 35 10 99 74
1 17 90 58 90
1 5 66 70 85
1 38 90 60 90
0 67 27 69 25
0 15 28 36 49
1 5 11 75 60
1 16 10 81 30
0 89 61 93 65
1 11 61 91 81
0 86 4 89 7
0 73 83 73 83
1 41 33 43 76
0 34 1 34 1
1 66 49 73 74
1 62 34 77 43
0 56 62 59 65
1 67 11 75 78
0 93 32 94 33
0 29 22 33 18
1 6 50 37 51
0 53 73 69 89
1 31 68 46 82
0 77 55 82 60
0 10 40 30 20
0 35 28 41 22
1 47 89 84 89
0 69 18 77 10
1 8 45 14 63
1 52 58 90 74
1 74 67 95 73
1 27 30 58 41
0 41 10 44 7
0 77 54 83 48
0 24 31 30 25
0 65 45 88 68
0 55 38 78 15
1 40 18 48 49
1 28 16 28 26
1 30 33 50 62
0 6 83 8 85
0 76 64 92 48
0 8 3 10 1
0 83 51 85 53
0 68 20 90 42
1 52 36 60 61
0 3 90 41 52
0 45 48 67 26
0 36 53 58 31
1 52 3 67 72
0 53 74 71 56
0 38 27 58 47
1 74 49 97 70
0 22 14 91 83
0 53 73 76 50
0 35 30 58 7
1 45 65 65 86
1 26 18 79 50
1 56 62 63 71
1 59 56 69 88
0 74 27 92 45
0 93 21 98 26
1 7 64 68 81
0 50 64 52 66
1 16 11 24 30
0 86 49 95 40
1 12 53 14 88
0 28 19 36 11
0 22 72 37 87
1 3 33 54 49
