454 454
285 147 410
143 353 338
313 445 661
82 239 23
426 277 192
386 348 851
37 326 668
394 146 414
196 62 553
183 260 769
219 126 289
159 96 519
274 207 75
43 385 846
131 75 866
18 358 169
31 269 654
343 237 299
191 341 65
365 292 316
449 90 152
61 35 459
335 219 381
137 453 865
378 22 480
125 139 868
281 311 854
453 32 347
319 266 404
107 181 91
196 300 512
74 245 560
40 273 18
428 237 276
33 262 200
252 338 392
47 192 606
146 443 707
326 291 505
352 204 62
427 258 59
9 412 361
414 64 873
352 58 718
10 354 169
451 105 574
433 99 70
415 67 603
55 15 469
218 345 562
360 375 807
309 109 867
83 114 928
222 19 943
267 210 468
423 409 306
48 68 315
79 344 950
56 26 184
302 329 100
322 13 343
402 357 491
138 265 507
418 342 146
425 247 553
264 290 435
336 156 495
162 164 419
443 363 678
167 430 114
185 324 515
116 316 545
429 388 115
92 282 21
204 233 337
100 184 205
400 86 451
268 387 130
320 7 371
372 165 938
11 209 881
291 21 542
157 20 763
145 95 566
232 294 739
342 422 540
390 327 87
137 168 866
445 46 267
339 289 682
28 38 432
140 44 749
187 399 167
327 243 908
97 135 3
118 1 116
431 329 689
26 255 935
98 170 625
218 235 374
87 242 854
406 298 904
212 72 969
426 381 368
129 161 540
272 427 364
4 264 5
390 416 2
65 221 979
110 43 943
398 113 290
383 240 664
261 366 927
330 428 702
134 315 427
228 413 383
82 294 885
306 85 428
115 52 9
225 57 469
414 170 157
392 112 513
323 112 395
12 358 953
351 213 245
257 323 810
70 149 165
407 44 630
292 259 316
86 340 205
275 80 659
377 152 182
275 269 50
238 180 639
382 107 124
39 77 609
315 18 1000
41 28 9
214 303 437
102 2 84
158 19 970
132 65 716
93 296 388
78 357 863
194 63 189
178 69 664
258 377 686
254 316 264
166 322 749
76 313 824
320 76 133
122 346 997
177 392 848
198 130 227
312 351 455
134 223 54
179 143 679
21 54 219
261 45 728
333 199 244
16 106 612
440 78 201
108 344 970
263 133 754
160 452 447
288 317 728
58 270 501
193 244 545
434 177 976
382 23 686
45 53 443
8 90 211
257 312 747
8 379 845
296 125 27
209 71 148
396 7 465
324 325 440
205 89 243
142 183 747
149 97 755
24 105 636
314 376 823
152 439 457
403 115 706
84 317 980
95 381 806
256 388 422
166 276 957
99 251 370
332 56 305
25 123 465
410 433 704
121 404 279
356 431 282
336 4 484
29 91 355
321 280 817
241 393 865
343 12 261
239 250 339
158 226 715
136 304 27
380 285 626
139 439 552
89 441 940
276 248 101
36 169 45
297 77 601
23 221 391
303 190 284
155 417 676
246 371 302
393 367 678
350 216 607
91 80 452
271 236 91
305 87 629
314 437 18
441 48 46
284 449 627
70 208 143
389 210 617
368 438 824
372 349 557
328 189 817
225 244 646
255 436 58
373 197 875
52 423 953
333 362 429
117 238 947
33 35 45
259 415 426
6 14 222
40 84 11
404 235 606
318 280 927
157 374 604
298 5 945
187 407 720
402 347 666
328 6 102
13 231 630
202 49 687
363 395 229
418 117 591
379 193 706
274 370 149
337 39 783
173 454 753
299 11 829
46 211 504
278 395 503
360 50 988
121 286 376
364 236 630
361 66 89
290 85 286
173 118 263
365 61 246
452 435 477
176 133 352
215 385 25
240 424 293
411 434 967
307 432 224
180 169 400
168 309 753
413 253 794
359 321 898
60 295 270
448 438 449
432 15 927
184 207 69
34 334 448
72 179 144
318 100 18
104 345 405
283 41 279
114 119 608
348 201 166
331 227 494
163 241 579
270 108 279
57 330 154
380 144 277
267 123 607
172 186 946
411 103 682
16 129 761
155 332 986
308 405 806
337 406 646
161 154 148
293 194 255
182 347 864
122 243 310
68 375 403
171 408 956
397 201 735
419 17 637
249 127 317
34 297 39
29 182 343
197 289 554
150 10 881
101 195 295
172 109 871
110 74 944
421 454 715
3 141 800
104 262 218
2 430 253
181 67 707
367 397 136
417 126 46
93 24 128
250 106 191
331 30 780
383 373 970
295 3 579
37 178 962
446 191 489
130 220 60
135 446 807
131 301 196
359 268 857
17 189 164
307 378 80
5 192 578
119 1 541
301 25 645
71 394 479
20 451 716
30 51 62
124 251 219
32 416 627
386 154 390
81 142 363
263 83 826
62 151 838
127 94 923
319 185 50
370 224 721
220 437 214
113 228 694
186 14 881
148 153 753
147 9 539
308 444 153
245 356 558
31 75 364
174 227 25
55 234 158
361 355 249
120 450 826
271 51 98
42 64 730
355 47 14
102 304 706
231 436 896
444 421 579
148 440 399
325 396 948
424 408 73
335 420 781
353 391 558
401 447 171
300 150 460
288 409 212
36 164 398
124 141 734
419 420 930
254 400 938
387 435 324
226 338 569
140 167 517
69 282 296
132 293 4
59 174 804
266 144 811
215 22 517
247 138 32
429 96 873
448 211 161
42 340 184
101 283 670
229 206 548
369 278 827
279 354 382
234 405 888
66 128 60
111 175 283
230 389 729
188 248 925
54 230 578
208 120 601
50 73 203
310 176 225
403 94 472
214 153 334
88 103 532
311 206 296
265 27 696
341 442 831
384 410 683
217 442 757
79 202 896
165 188 313
287 249 70
277 339 129
302 198 231
60 222 301
305 116 400
232 190 880
399 279 770
171 159 474
175 260 519
136 374 279
59 151 896
88 200 256
334 391 160
27 252 362
73 49 761
401 369 839
160 203 599
346 256 410
376 412 67
216 299 582
306 145 914
203 272 728
368 384 417
199 213 520
163 81 84
364 273 238
162 111 743
350 253 248
223 156 187
422 38 985
246 450 760
205 366 555
287 398 60
362 281 787
92 349 51
310 229 726
242 447 793
284 217 516
128 371 311
425 233 211
212 200 91
53 286 112
98 63 914
224 195 868
