186 186
124 101 714
101 167 301
167 171 619
171 54 34
54 181 228
181 132 327
132 85 682
85 109 455
109 8 196
8 49 486
49 153 776
153 129 656
129 115 978
115 125 14
125 20 437
20 116 554
116 62 587
62 56 731
56 92 772
92 112 308
112 150 31
150 44 145
44 81 252
81 119 311
119 127 47
127 168 384
168 104 180
104 137 813
137 27 405
27 113 48
113 18 262
18 154 347
154 180 402
180 147 436
147 47 390
47 23 143
23 110 963
110 135 320
135 74 415
74 170 626
170 139 375
139 37 884
37 160 216
160 84 192
84 140 511
140 141 688
141 88 115
88 177 475
177 25 758
25 68 244
68 176 693
176 117 548
117 32 974
32 61 775
61 21 452
21 45 229
45 120 710
120 38 340
38 158 973
158 178 276
178 41 71
41 16 258
16 7 336
7 134 60
134 36 13
36 165 619
165 58 144
58 133 843
133 78 949
78 157 790
157 51 159
51 145 832
145 118 234
118 131 111
131 82 859
82 86 938
86 30 179
30 70 920
70 65 110
65 91 960
91 46 408
46 98 676
98 77 935
77 75 560
75 161 194
161 64 461
64 172 810
172 182 438
182 97 39
97 72 99
72 100 13
100 63 137
63 55 900
55 164 399
164 40 13
40 169 68
169 31 780
31 28 437
28 173 130
173 149 876
149 6 39
6 114 955
114 76 459
76 126 17
126 89 167
89 148 654
148 39 953
39 26 63
26 166 268
166 96 113
96 162 484
162 156 6
156 3 566
3 2 885
2 5 409
5 95 313
95 13 542
13 143 945
143 34 242
34 163 267
163 159 276
159 22 107
22 146 536
146 106 404
106 103 598
103 33 302
33 10 657
10 42 533
42 73 968
73 136 262
136 93 128
93 122 640
122 80 49
80 15 47
15 105 508
105 102 680
102 185 695
185 79 842
79 151 128
151 59 713
59 83 312
83 4 323
4 123 92
123 48 357
48 11 965
11 183 852
183 50 348
50 174 748
174 184 929
184 111 389
111 179 920
179 19 987
19 94 434
94 24 259
24 17 503
17 107 462
107 90 389
90 130 437
130 87 892
87 60 30
60 57 441
57 67 727
67 121 853
121 35 125
35 43 632
43 142 778
142 152 122
152 29 913
29 66 172
66 14 771
14 108 297
108 69 249
69 144 188
144 155 926
155 71 900
71 9 84
9 12 908
12 53 799
53 99 838
99 138 222
138 52 653
52 128 790
128 175 20
175 1 350
1 186 737
186 124 892
