121 121
98 65 825
34 46 183
86 51 466
120 48 957
22 88 107
55 71 223
60 104 48
21 17 188
57 65 144
105 91 888
100 44 335
21 10 998
31 41 900
59 55 308
57 3 517
33 12 112
35 100 110
67 97 575
64 70 247
50 23 150
61 111 386
82 32 410
115 106 790
98 74 104
90 77 41
62 45 939
92 15 849
70 91 952
11 114 725
94 66 939
5 68 962
4 107 432
95 107 810
94 2 335
121 87 480
90 43 357
36 6 875
39 78 846
7 93 386
42 1 150
28 115 65
1 7 762
111 14 174
85 25 998
47 85 62
81 79 54
58 95 871
118 11 695
58 52 609
82 19 752
109 5 975
37 73 917
52 29 841
36 30 781
30 23 145
40 83 230
109 25 979
77 97 564
43 49 624
81 66 860
101 116 423
101 74 793
50 47 375
61 114 286
103 59 890
106 53 17
41 62 952
75 14 761
63 24 748
53 15 264
27 117 857
49 112 465
108 13 457
2 37 191
73 84 876
116 83 596
69 56 921
34 110 431
56 72 896
99 8 843
26 96 731
20 118 585
69 16 60
99 3 247
22 96 195
105 93 796
38 51 518
84 64 186
9 19 750
89 71 174
67 102 672
29 9 862
39 42 599
121 10 417
120 75 771
80 78 980
79 26 740
88 38 210
112 18 600
45 119 645
18 44 381
13 102 525
76 110 527
60 48 546
117 32 515
63 76 221
72 8 462
33 113 658
12 119 425
6 40 588
46 16 787
103 87 743
104 113 223
28 35 194
89 86 123
31 54 369
108 24 873
27 54 343
17 4 161
20 92 199
80 68 971
