232 232
148 145 255
14 61 781
1 178 626
55 156 245
154 162 157
182 51 741
232 138 324
78 225 122
101 9 640
198 24 600
191 29 902
175 211 465
71 171 803
74 104 955
19 144 326
209 181 584
139 48 910
188 137 301
206 190 123
155 114 386
151 67 761
22 181 143
187 56 252
34 192 522
134 21 697
213 131 534
202 205 632
226 26 83
104 59 238
99 45 971
10 71 757
4 224 263
118 144 733
6 149 730
113 210 26
164 209 795
98 85 971
68 37 557
59 141 78
82 13 451
165 63 978
116 65 814
122 83 605
192 228 160
218 70 871
43 127 241
156 149 860
105 197 267
17 87 983
142 152 572
23 7 177
166 94 511
84 100 311
91 96 7
167 148 300
153 152 977
97 111 14
20 8 967
8 56 22
79 112 40
57 102 149
229 81 988
180 114 381
204 107 88
193 16 386
200 118 302
183 214 546
30 216 880
57 160 646
121 42 297
20 111 805
175 28 588
123 5 450
58 95 342
66 45 906
28 12 665
194 193 999
230 25 888
77 190 84
85 117 557
203 116 329
41 166 475
49 88 563
161 184 534
120 191 975
53 158 702
72 174 443
112 54 352
115 66 865
173 227 430
131 30 36
168 121 14
122 210 143
11 185 639
203 49 804
2 15 915
41 43 11
96 117 984
102 7 253
182 230 183
185 132 127
80 146 865
157 44 140
12 77 702
1 62 655
168 14 596
78 201 428
129 167 175
31 176 35
211 172 12
189 53 271
202 90 502
22 198 435
35 215 809
40 138 145
18 150 122
173 219 665
64 197 511
38 110 245
171 229 326
174 133 9
69 55 10
109 90 161
127 207 34
146 221 785
129 183 42
188 84 565
214 110 772
170 67 508
153 103 491
158 231 109
40 128 458
199 115 141
65 95 822
177 74 393
61 75 51
109 169 5
179 161 389
52 44 294
58 136 620
33 99 517
27 93 180
18 162 767
70 223 330
94 147 921
128 51 522
11 33 76
139 133 513
227 46 325
6 120 83
105 69 991
196 164 419
123 178 251
195 216 499
176 16 51
137 142 634
89 136 136
126 208 381
140 103 675
108 42 727
147 87 329
194 201 486
3 186 204
119 83 261
36 196 693
97 163 892
180 145 376
205 172 98
223 93 124
39 170 538
98 68 129
9 220 499
47 88 491
39 179 54
23 222 104
101 225 84
177 232 262
200 217 491
159 186 205
106 157 865
4 204 364
187 221 490
32 132 948
100 165 460
60 82 685
75 113 616
29 212 285
48 86 301
92 32 608
73 54 279
27 125 446
34 130 115
213 2 553
15 3 374
159 50 761
92 63 895
135 215 604
154 91 762
36 140 176
143 17 736
25 60 23
21 107 213
52 126 459
108 26 8
184 37 285
24 89 314
219 13 287
76 155 318
218 226 185
150 222 932
72 35 27
10 134 558
124 141 749
143 86 707
195 135 574
163 130 148
169 212 149
106 46 11
207 220 177
31 47 886
79 206 561
151 124 230
50 76 687
19 38 603
160 62 513
73 231 178
119 64 255
81 217 946
208 80 809
5 125 918
189 224 767
199 228 637
