345 344
58 39 306
269 251 557
4 211 361
316 130 731
9 335 428
2 9 865
121 338 112
267 257 895
78 331 341
3 219 474
45 78 399
178 77 589
45 66 891
13 64 951
211 90 92
118 332 397
224 61 607
275 35 972
103 95 272
271 233 66
150 36 770
97 206 421
136 73 360
168 179 669
6 22 304
90 74 444
1 331 466
196 321 238
300 82 649
176 225 936
240 342 775
85 144 217
288 27 567
118 297 11
158 341 545
160 194 885
199 26 686
38 221 395
135 222 959
290 249 136
276 119 535
255 260 318
263 223 615
58 15 933
160 70 385
107 26 559
245 238 145
199 250 693
56 138 121
132 134 548
309 71 982
267 334 988
236 151 684
181 195 981
19 198 928
311 240 922
7 245 327
204 255 29
209 328 807
266 33 778
44 68 990
6 230 986
301 333 403
81 126 435
313 310 239
264 299 888
312 183 551
55 56 833
52 231 651
32 76 497
15 252 559
339 300 477
286 173 806
91 113 616
80 126 963
339 227 352
257 22 974
336 205 684
135 108 212
153 29 708
31 206 646
74 213 872
242 307 430
47 165 585
299 109 149
141 37 755
294 226 347
57 123 300
344 41 531
36 314 529
30 32 711
232 244 928
104 62 44
4 141 455
330 301 793
23 163 394
54 273 747
270 170 360
306 134 771
140 315 402
60 162 192
256 144 39
34 57 82
66 216 256
155 116 949
263 209 128
133 43 557
224 184 641
166 107 268
197 65 703
281 215 689
202 34 114
79 226 667
10 88 423
173 320 441
269 89 380
38 318 611
192 337 61
125 185 644
317 321 867
40 112 941
156 309 590
281 33 537
330 316 531
157 145 573
65 212 811
124 282 936
327 87 33
175 230 906
172 132 868
14 60 359
106 343 340
260 51 707
117 177 789
292 241 240
289 258 894
43 77 119
142 283 435
338 48 56
184 68 36
293 225 418
164 150 673
319 147 289
111 100 530
81 108 220
180 111 694
172 16 183
341 246 675
128 191 28
23 49 870
131 119 741
295 287 902
87 243 473
167 277 220
12 86 17
136 247 92
11 94 189
154 5 838
270 303 611
169 283 117
193 192 218
67 238 110
247 94 91
236 294 909
113 298 313
16 266 966
194 46 18
140 76 665
153 337 739
114 274 124
5 200 68
167 319 973
1 143 253
96 312 846
219 123 959
97 233 480
163 261 954
149 320 138
64 177 574
282 39 41
110 101 381
148 324 353
222 178 818
251 152 1000
248 307 297
234 306 379
335 207 9
88 63 7
329 302 38
40 102 269
227 187 607
284 188 412
122 197 3
75 336 326
159 129 294
166 115 862
164 21 788
84 37 1000
305 103 81
102 253 370
14 79 650
75 272 65
7 200 261
157 91 104
169 278 118
99 278 839
322 124 555
223 254 782
10 203 577
214 116 401
332 268 726
127 182 411
258 52 69
325 83 667
42 216 629
276 186 893
84 318 288
186 46 691
50 105 110
51 72 470
218 8 969
110 49 781
50 63 641
272 159 698
85 21 59
41 82 850
180 328 240
176 152 404
246 265 246
155 53 179
161 311 688
244 92 942
201 343 313
217 28 850
188 127 874
104 290 772
231 162 669
122 189 884
277 28 85
340 252 201
228 20 102
284 213 793
170 95 731
69 27 350
189 259 633
42 59 153
138 2 817
275 24 358
239 287 975
120 250 93
280 315 844
158 179 184
183 120 222
285 208 51
232 256 463
185 18 279
292 73 635
151 18 982
24 239 956
190 207 80
48 149 878
125 143 764
12 304 968
171 20 495
254 165 655
174 271 29
53 295 464
44 285 921
13 201 183
30 67 602
208 129 544
11 191 822
326 215 171
100 130 837
325 114 393
161 117 661
344 96 888
259 3 430
323 196 311
324 35 46
148 71 580
193 187 961
317 131 281
237 262 115
214 146 820
142 308 385
8 261 376
305 248 300
242 314 796
203 302 325
198 154 83
345 98 877
297 210 625
237 174 969
274 296 482
234 303 887
195 229 152
69 249 960
54 133 203
25 55 648
218 264 442
72 334 223
146 47 613
19 105 219
156 145 607
29 59 300
253 93 481
89 101 937
171 304 431
322 235 838
106 182 358
86 323 983
109 115 922
298 265 358
128 139 469
210 205 599
291 313 858
308 288 648
17 286 972
235 327 584
70 92 326
340 296 197
279 181 788
262 99 127
168 345 419
333 112 708
93 83 616
221 190 395
202 139 355
137 229 492
98 268 87
121 220 395
17 289 226
279 326 677
31 291 72
147 80 859
137 175 727
329 241 430
217 243 632
61 342 42
204 212 663
273 228 494
25 310 347
280 220 14
