234 233
144 176 592
116 231 59
26 226 774
143 118 476
234 160 813
44 86 289
66 199 748
60 89 793
166 101 815
28 178 840
53 143 646
114 165 61
6 20 995
165 1 746
30 221 903
42 103 437
208 53 328
73 177 36
103 198 14
159 67 391
230 23 607
11 217 318
200 122 372
187 71 42
207 108 113
152 15 612
89 31 370
192 131 273
100 16 879
98 92 235
24 37 444
227 91 911
79 215 561
12 56 832
219 97 978
202 42 743
128 179 851
185 209 199
57 217 57
180 33 810
139 212 798
16 12 852
78 176 316
108 7 121
35 70 207
131 115 680
51 45 907
164 102 172
122 183 221
141 74 591
69 159 459
148 195 403
145 191 836
66 205 21
65 29 932
71 233 317
174 214 894
180 116 346
32 113 874
95 94 37
55 40 813
224 3 6
158 50 448
84 101 217
186 162 528
83 140 545
19 85 910
10 153 657
61 158 760
181 54 320
94 137 51
52 25 462
2 90 488
25 225 285
173 228 821
214 215 558
203 30 673
223 187 415
212 182 275
111 50 56
221 54 521
105 6 101
44 211 114
200 43 620
63 133 117
227 171 22
223 152 156
14 52 184
105 220 353
20 9 267
135 149 441
140 198 404
98 58 655
36 178 273
18 81 309
160 91 234
39 68 7
21 136 759
86 76 337
125 172 198
151 67 882
213 31 601
181 21 194
48 121 144
24 136 146
173 209 631
196 157 363
118 37 309
203 64 799
11 134 96
39 40 306
70 77 402
93 46 613
222 41 189
17 46 974
13 204 61
228 35 134
110 184 572
93 27 642
117 13 993
211 222 551
72 102 636
162 125 195
213 104 560
201 127 833
56 58 449
161 172 707
174 107 30
216 109 468
186 14 356
141 72 465
22 138 362
23 142 411
80 225 904
47 51 152
120 234 523
95 218 521
193 111 198
26 191 647
119 177 736
175 74 983
163 171 911
144 96 512
90 231 335
8 146 596
150 206 108
22 185 248
113 63 61
151 155 462
147 163 573
127 188 421
65 129 550
49 226 170
210 19 545
61 88 999
216 218 524
138 60 290
9 49 974
129 124 626
154 115 197
170 88 152
153 64 267
78 206 353
82 150 962
154 197 817
5 87 534
7 132 607
194 75 658
189 155 500
99 73 363
41 4 267
121 104 181
123 175 178
156 219 63
57 188 803
59 169 567
33 146 157
8 38 519
193 38 661
82 192 4
168 47 148
4 68 73
184 62 491
202 107 900
179 149 881
156 164 450
132 81 342
87 34 987
119 189 362
220 201 146
112 232 975
109 48 936
166 10 363
45 135 115
205 167 737
167 59 458
2 92 246
126 170 336
106 83 295
55 36 301
117 130 127
139 196 676
110 197 106
106 207 908
34 128 642
148 79 965
29 126 582
169 137 435
84 77 467
195 15 861
99 229 216
114 120 997
229 97 962
80 190 985
190 69 85
230 133 26
96 157 635
194 85 507
76 210 887
168 1 970
204 224 495
123 147 84
5 124 357
182 112 606
199 62 542
32 18 890
130 75 386
134 100 338
28 208 678
43 17 874
233 3 437
27 232 727
145 183 571
