185 184
66 47 553
47 184 130
184 173 172
173 158 128
158 58 631
58 31 405
31 32 474
32 21 804
21 100 88
100 110 838
110 172 739
172 165 291
165 14 347
14 99 889
99 139 713
139 87 800
87 69 70
69 162 971
162 79 509
79 22 555
22 136 950
136 182 818
182 35 407
35 64 800
64 181 656
181 71 401
71 24 988
24 109 833
109 33 311
33 51 857
51 153 439
153 28 918
28 170 641
170 16 960
16 15 501
15 41 879
41 63 964
63 48 374
48 131 512
131 171 326
171 157 732
157 180 846
180 25 841
25 90 364
90 161 340
161 65 738
65 23 378
23 96 928
96 122 889
122 185 921
185 93 567
93 140 114
140 43 248
43 164 51
164 62 117
62 146 937
146 119 426
119 124 826
124 94 852
94 145 371
145 97 835
97 27 270
27 95 711
95 74 732
74 44 939
44 7 530
7 134 316
134 26 565
26 68 137
68 38 215
38 34 823
34 1 128
1 114 586
114 83 475
83 60 570
60 5 260
5 177 933
177 178 446
178 92 109
92 39 40
39 128 879
128 56 725
56 115 89
115 75 395
75 42 18
42 52 225
52 54 108
54 156 156
156 72 252
72 112 105
112 85 117
85 120 952
120 127 452
127 80 621
80 105 487
105 163 55
163 141 266
141 81 337
81 183 869
183 13 423
13 20 611
20 130 32
130 150 670
150 123 942
123 45 656
45 117 159
117 126 478
126 167 21
167 121 201
121 113 711
113 154 593
154 168 101
168 107 735
107 91 246
91 133 533
133 129 295
129 59 964
59 30 695
30 151 886
151 10 361
10 8 587
8 104 762
104 174 104
174 166 224
166 143 801
143 144 499
144 19 951
19 84 888
84 138 810
138 147 920
147 57 678
57 73 770
73 179 101
179 152 508
152 49 163
49 9 662
9 29 806
29 125 578
125 98 427
98 89 22
89 160 490
160 18 719
18 108 150
108 82 483
82 70 312
70 175 86
175 102 518
102 4 877
4 116 13
116 101 644
101 50 433
50 159 751
159 17 437
17 155 689
155 6 216
6 169 324
169 88 915
88 142 789
142 106 242
106 67 108
67 11 989
11 149 786
149 148 577
148 135 216
135 55 726
55 12 406
12 137 677
137 118 360
118 111 149
111 76 239
76 46 114
46 61 325
61 3 872
3 176 955
176 2 123
2 132 526
132 78 262
78 37 396
37 40 700
40 77 963
77 36 450
36 103 488
103 86 511
86 53 78
