643
1690
2902
3426
4910
5622
6418
7824
9166
9955
11099
11793
13283
14291
15268
16505
17632
18317
19359
20059
21004
22139
22834
24172
25406
26373
27399
28100
29542
30962
31780
33007
33749
35053
36340
37632
38199
38991
40416
41286
42062
42841
43906
45208
46047
47025
48057
48946
49609
50221
51406
52727
53948
54688
55521
56376
57265
58485
59699
60996
62153
63608
64860
65684
66882
67393
68020
68865
69475
70536
71614
72505
73826
75199
76590
77549
78834
79597
80897
82088
82973
83935
84494
85676
86598
87105
88320
89659
90928
92227
93048
94184
95493
96584
97796
98402
98918
99497
