155
590
1035
1443
1815
1989
2146
2252
2374
2816
2983
3173
3287
3490
3762
3960
4773
5479
5903
6045
6336
6549
6747
6902
7045
7188
7402
7594
7739
9130
9621
9981
10434
10653
10933
11412
11599
11870
12256
12423
12675
12775
13379
13652
14068
14426
14726
14889
15437
15634
15782
15938
16214
16878
17132
17403
17948
18174
18928
19045
19272
19603
19816
20061
20258
21148
21366
21512
21629
21845
22353
22617
22733
23006
23233
23390
23663
23911
24778
24978
25415
26245
26493
26927
27330
27482
27916
29288
29570
29737
30156
30867
31070
31437
31814
31939
32143
32511
32761
32978
33112
33224
33350
33459
33623
33799
34087
34219
34701
35197
35876
36074
37315
38026
38213
38442
38713
38918
39159
39950
40669
40941
41147
41404
41647
42034
42319
42520
42895
43053
43483
43628
44113
44260
44510
45020
45132
45396
46245
46520
46796
47036
47165
47461
47696
47865
48000
48279
48385
48723
48840
49224
49873
50400
50534
50811
50958
51061
51338
51476
51750
51942
52077
52410
52691
53425
53720
54153
54388
55723
55991
56175
56504
56677
56810
57438
57669
59184
59325
59807
59922
60037
60296
60685
61072
61468
61974
62255
62447
62642
62834
63218
63893
64301
64524
65048
65193
65934
66128
66567
66803
67055
67262
67641
67805
67954
68154
68730
69146
69700
69998
70237
70721
71061
71785
72011
72229
72406
72636
72906
73050
73513
74049
74291
74569
74866
75267
75515
75766
75927
76206
76424
76659
76982
77361
77482
77617
77938
78226
78356
78657
78950
79249
79412
79785
79965
80162
80831
81058
81355
81669
81828
82033
82183
82317
82438
82605
82742
82941
83403
83588
83933
84194
84335
84821
85068
86138
87554
87902
88051
88165
88366
88875
89274
89568
89750
89998
90312
90504
91014
91242
91694
92183
92758
93092
93263
93691
93808
94157
94276
94394
94606
94957
95169
96215
96511
96669
96965
97338
97750
97867
98666
98784
99265
99739
99934
100381
100593
101040
101190
102343
102572
102820
102929
103331
103438
103650
103873
104242
104359
104831
104961
105190
105430
105864
106012
106186
106382
107022
107163
107354
107919
108165
108430
108581
109000
109268
109427
109606
109739
109942
110144
110448
110606
110767
110960
111225
111391
111864
112218
112734
112929
113189
113362
114254
115030
115312
115542
115730
115953
116171
116444
116655
116870
117009
117157
117598
117706
118276
118426
118600
118814
119035
119164
119266
119423
119794
119937
120360
120471
120898
121186
121696
121906
122133
122418
122976
123500
123934
124292
124483
124621
124818
125165
126163
126662
126908
127236
128505
128881
129107
129253
129636
129860
130155
130703
131519
131845
132185
132679
133869
134188
134399
134634
135455
135666
135918
136077
136650
136931
137605
137820
138012
138234
138589
139109
139264
139777
140508
140834
141340
141566
141721
141988
142179
142323
142532
142790
143078
143849
144045
144773
145018
145174
145285
145389
145666
146482
146987
147810
147928
148066
148448
148754
149660
149896
150036
150306
150439
150721
150965
151168
151406
151891
152109
152250
152754
153191
153407
153599
154037
155216
155635
155978
156625
156961
157301
157578
157806
158101
158374
158580
158863
159557
159748
159911
160087
160490
160643
160838
161210
161406
161568
161801
162331
162630
162888
163371
163541
163723
164285
164790
165103
165476
165828
166005
166174
166416
166530
167122
167949
168202
168428
168564
168848
169360
169567
169722
170605
171044
171357
171507
171675
171809
172281
172432
173186
173398
173636
173922
174709
175101
175996
176508
176800
176970
177296
177577
177976
178206
178451
178576
178693
178833
179337
179486
179700
180395
180703
181168
181454
181623
182747
183029
183349
183771
184011
184499
184979
185342
185519
185632
185881
186277
186895
187329
187466
187679
187960
188101
188396
188682
188933
189046
189276
189443
189617
189985
190116
190444
191406
192111
192322
192458
192956
193183
193456
193605
193862
194155
194480
194692
195300
195478
195685
196157
196357
196474
196765
196885
197198
197320
197484
197886
198169
198392
198702
198952
199304
199507
199709
200158
200797
200963
201235
201408
201671
201927
203194
203678
203814
204084
204851
204996
205269
205562
206103
206292
206661
207037
207383
207500
207722
208393
208655
208763
209125
209302
209765
209985
210660
210873
211247
211497
211797
211929
212197
212600
213088
213244
213383
213714
214662
214796
215203
215491
215664
215827
215975
216331
217000
217680
217928
218188
218435
219452
220326
220506
220655
221405
221960
222471
222763
223174
223280
223626
224044
224409
224640
224938
225237
225412
225782
225897
226365
226883
227157
227379
227525
227630
227875
228028
228162
228269
228558
228740
228976
229247
229498
230629
230912
231164
232245
232432
233130
233542
233703
233964
234311
234562
234778
235186
235331
235482
235766
236284
236574
236706
237019
237740
237964
238113
238409
238553
238809
238911
239374
239673
239901
240062
241027
241534
241964
242097
242208
242309
242471
242674
243195
243452
243599
243789
244476
244648
244919
245379
245585
246316
246449
246820
247321
247756
248161
248409
248758
249237
249991
250501
250664
250896
251125
251413
251681
252037
252140
252316
252535
252701
253361
253495
253864
254012
254266
254889
255301
255464
255630
256012
256218
256384
256595
257038
257392
257731
258414
258590
258975
259176
259550
259759
260294
260553
260732
261470
261647
261800
262263
263517
264127
264411
264516
264624
264903
265025
265832
266297
266586
266849
266968
267170
267297
267510
267735
268110
268348
268648
268828
268953
269170
269391
269673
269836
269940
270193
270391
270656
270891
271179
271376
271511
272414
272691
273156
273379
273535
273937
274107
274339
274506
275192
275433
276256
276522
276968
277123
277354
277572
278006
278408
278684
278861
279610
280031
280252
280421
280526
280642
280861
281171
281286
281501
281780
282079
282247
282423
282832
283169
283401
283774
284224
284388
285013
285164
285319
285741
285915
286161
286720
287070
287573
287720
287926
288186
288342
288723
288913
289212
289362
289937
290171
290421
290642
291164
291860
292523
293050
293166
293813
293914
294083
294383
295152
295564
295690
296085
296189
296381
296578
297119
297250
297462
298093
298321
299048
299322
299992
300194
301069
301643
301997
302218
302504
302624
303049
303224
303439
303561
304495
304625
305199
305448
305676
305783
306512
307000
307501
307798
307998
308288
308500
308845
308987
309285
309416
309875
310512
311022
311308
311521
311698
311984
312323
312813
313038
313453
314204
314318
314587
315129
315479
315672
315852
316007
316415
317129
317400
317763
318094
318494
318958
319222
319597
320145
320265
320460
320581
320948
321187
321472
321625
322071
322364
322507
322717
322851
323083
323261
323680
324011
324301
324543
324948
325553
326212
326463
326918
327029
327280
327399
327520
327629
328090
328211
328424
328578
328798
328942
329167
329883
330310
330975
331305
331455
331699
332163
332598
332791
333319
333737
333993
334406
334797
334992
335118
335430
335650
336157
336385
336896
337185
337451
337699
337892
338047
338425
338819
339514
339923
340215
340349
340624
340969
341418
342302
343942
344157
344386
344870
345057
345796
346121
346305
346898
348280
348499
348707
348832
349007
349270
349752
350201
350368
350798
351046
352159
352395
352642
352848
352949
353220
353335
353731
353892
354697
355213
355476
356053
356259
356538
356677
357102
357224
358071
358369
359254
359473
359726
359946
360118
360510
360952
361246
361480
361682
362088
362670
363169
363444
363650
363928
364115
364273
364631
364910
365204
365445
365885
366036
366218
366470
366743
366999
367420
367684
367816
368564
368855
369128
369281
369548
369811
370066
370419
371168
371485
371615
371859
372017
372469
372693
373114
373436
374058
374765
374971
375270
375417
375962
376200
376627
377392
377541
377902
378005
378436
378541
379594
379883
380291
381538
381647
381791
382223
382407
382518
382860
382968
383078
383347
383602
383884
384127
384284
385307
385497
385664
385767
386065
386394
386904
388072
388291
388582
388682
389661
390239
390497
391176
391393
391755
391929
392126
392267
392477
392758
392934
393157
393436
393766
394028
394326
394557
394731
395101
395960
396199
396445
396712
396899
397133
397348
397494
397597
397745
397871
398282
398542
398706
398850
399125
399317
399516
400052
400287
401387
401594
401829
401996
402183
403000
403300
403451
403971
404549
404760
405081
405603
405856
406409
406671
407272
407504
408177
408471
409640
409742
410048
410308
410712
411054
411301
411529
411957
412135
413256
413816
414125
414636
415025
415581
416728
416964
417244
418208
418440
418568
418716
419086
419300
419764
420829
421310
421575
421822
422273
422535
422803
423045
423156
423352
424078
424639
425165
425525
425775
425909
426123
426438
426735
426854
426955
427389
427660
427821
428008
428348
428552
428805
429036
429189
429724
429938
430270
431009
431403
432348
433065
433208
433462
433738
433849
434677
434970
435230
435501
435901
436186
436402
436599
436885
437027
437471
437665
438090
438265
438516
438687
439055
439537
439735
440032
440959
441253
441707
442104
442412
442526
442779
442952
443482
443689
443928
444912
445129
445435
445762
445934
446146
446621
446745
447355
447608
447795
447934
448224
448787
449068
449707
449996
450150
450408
450834
451130
451421
451692
451944
452044
452175
452424
452607
452743
452853
453080
453404
453507
453681
454460
454631
454925
455306
456130
456668
456967
457349
457451
458176
458433
458709
459348
459892
460119
460391
460609
461138
461419
461532
461716
461888
462004
462512
463006
463471
464184
464341
464442
464876
465001
465255
465512
465764
466035
466205
466383
466566
466682
466820
467060
467271
467713
467849
468044
468300
468409
468978
469180
469966
470535
470751
471139
471514
471919
472107
472207
472395
472608
472831
473051
473180
473382
473531
473725
473979
474262
474558
475234
475341
475500
475805
475924
476178
476458
476698
477152
477370
477503
477961
478241
478424
478591
478785
478972
479253
479728
480086
480207
480727
480936
481509
481805
481917
482123
482352
482568
482701
482923
483653
483761
484548
484797
484958
485184
485493
485791
486047
486282
486623
486889
487171
487391
487547
487702
488090
488337
488581
488698
489020
489284
489465
489804
490419
490591
491228
491390
491552
491669
491874
492115
492504
493072
493361
493476
493868
494031
494312
494462
494569
494704
494841
495167
495396
496002
496281
496429
496694
496963
497147
497370
497890
498036
498865
499155
500074
500298
500627
501184
501314
501798
501929
502429
502613
502811
503106
503742
503867
504105
504392
504629
504733
505210
505668
506252
506421
506598
507076
507296
507459
507979
508266
508434
508602
508826
509290
509490
509618
509940
510865
511120
511363
511695
511946
512170
512611
512906
513564
514703
514831
515131
516006
516326
516486
516740
516951
517243
517427
517637
517743
518851
519580
519854
520318
520588
520999
521530
521913
522348
522752
522968
523207
523472
523607
523818
524092
524266
524477
524648
524886
525118
525254
525780
525935
526068
526301
526458
527638
527778
528184
529115
529412
529876
530046
530346
530793
531280
531415
531596
531725
532314
532572
532825
533287
533464
533696
533908
534341
534571
534907
535092
535291
535587
535889
536072
536580
537165
537360
538043
538423
538743
539178
539570
539844
540059
540354
540748
540933
541146
541255
541548
541817
542304
542504
542718
542949
543452
543564
544226
544513
544632
544823
545300
545570
546290
546906
547364
547807
547967
548100
548481
548855
549075
549222
549323
549725
549994
550287
550524
550665
550894
551484
551768
551954
552172
552329
553011
553281
553740
554028
554227
554390
554719
554822
555025
555187
555326
555532
555648
556149
556961
557128
557462
557835
558254
558513
558807
559000
559528
559823
560116
560825
561039
561277
561640
561802
561925
562391
562597
562849
563544
563688
564014
564600
564838
565085
565340
565533
565801
566376
566653
567225
567345
567608
568316
568533
568846
569221
569618
569719
569987
571148
571336
571509
571675
571965
572227
572434
573083
573252
573651
573925
574033
574151
574368
574772
575058
575199
575496
575709
576603
576847
576997
577238
577446
577902
578140
578315
578522
578664
579285
579669
579858
580080
580229
580493
581076
581341
581529
581920
582278
582613
582768
582880
583006
583125
583302
583508
584024
584240
584372
584615
584739
585010
585430
585596
585877
586066
586532
586702
587392
587654
587804
588109
588304
588960
589191
589458
589712
590604
590864
591058
591483
591932
592376
592784
593075
593507
594338
594635
594845
595016
595194
595302
595521
595714
595854
596107
596239
596543
596650
596835
596982
597508
598140
598249
598585
598985
599122
599366
599606
600023
600647
600882
601176
601357
601738
601914
602114
602443
602810
602953
603233
603580
603839
604068
604250
604895
605675
605918
606066
606356
606710
606846
607083
607343
607626
607921
608148
608393
608834
609001
609195
609621
609799
610096
610311
610545
610652
611235
611728
611946
612176
612451
612964
613118
613403
613697
615513
615944
616152
616431
616563
616715
616829
617364
617649
617754
618027
618292
618807
619071
619502
619605
620036
620368
620485
621287
621490
621730
621866
622137
622368
622627
622915
623751
623949
624087
624416
624632
624867
625193
625435
625693
625818
626462
626852
627040
627603
627744
627871
628078
628211
628332
628463
628872
629157
629547
629720
630057
630246
630381
630557
631002
631178
631882
632234
632391
632721
632968
633168
633388
633775
633978
634276
634865
634976
635262
636075
636286
636446
636965
637378
637492
637745
638432
638639
638948
639223
639559
639720
639854
640450
640580
640789
641105
641520
641730
642221
642332
642518
642758
643804
644070
644863
645631
645900
646242
646773
646922
647467
647861
648119
648247
648444
648957
649422
649857
649979
650246
650648
650922
651279
651737
652111
652344
652463
652890
653584
654412
654694
654885
655079
655653
655817
656786
657067
657333
657630
657740
657864
658355
658779
659205
659636
659934
660066
660202
660489
661877
662027
662401
662567
662667
663541
663884
664344
664936
665165
665369
665623
666149
666883
667147
667542
667758
668034
668289
668489
669206
669346
669589
670113
670390
670863
671112
671530
672202
672500
672720
672928
673124
673347
673957
674142
674380
674622
674891
675090
677352
677773
678144
678356
678642
678762
679148
679284
680617
680854
680966
681816
681937
682065
682204
682689
683222
683482
683582
683749
683859
683997
684442
684591
684709
685671
685957
686079
686199
686437
686639
687168
687298
687806
688080
688376
688523
688848
689375
689652
689819
690183
690307
690536
691051
691305
691535
691784
691884
692327
692759
693271
694206
694610
694988
695243
695667
696125
696395
697039
697996
698182
699031
699207
699328
699736
699954
700102
700406
701091
701337
702434
702587
702726
702857
703449
703713
704467
704640
705138
706572
707293
707434
707748
708012
708168
708280
708421
708544
708785
708961
709712
709829
710048
710273
710439
710733
710925
711159
711729
711829
712477
712695
712879
713550
713781
714263
714427
714669
715135
715552
715802
716019
716736
716865
717097
717767
717914
718346
718495
718674
719126
719233
719629
720302
720718
720837
721000
721503
721641
721847
722101
722496
723058
723305
724158
724340
724476
724721
725561
725768
726298
726457
727383
727624
727755
727910
728160
728467
728587
729824
729983
730272
730617
730720
731061
731519
732370
732939
733131
733255
733832
734090
734201
734714
734891
735196
735652
735916
736190
736366
736487
736765
737065
737768
738049
738297
738644
739118
739484
739771
739924
740097
740213
740467
740697
741102
741249
741742
741880
742229
742499
742794
743019
743352
743719
744260
744671
744783
746202
746494
746699
746861
747099
747516
747741
748033
748182
748450
748575
748808
750144
750374
751340
751620
752334
753706
754506
754698
754801
754940
755203
755328
755513
755774
756040
756628
756923
757133
757374
758057
758339
758562
758731
759007
759176
759280
760311
760569
760735
761332
761501
761745
761983
762135
762282
762458
762661
763125
763552
763977
764405
764605
764759
765017
765291
765553
765844
766463
767185
767887
768181
768472
768918
769134
769484
769909
770067
770326
770508
771258
771457
771736
772957
773095
773291
773580
773843
773951
774600
774719
774821
775161
775619
775835
776387
776812
776953
777108
777383
777567
778160
778473
779315
780354
780792
781389
782073
782278
782469
782768
783230
783383
783610
783943
784118
784540
784685
784873
784987
785121
785300
785588
785974
786296
786587
786770
788015
788433
788648
788768
789048
789380
789518
789639
790510
791400
792798
793154
793432
793781
794460
794793
795218
795881
796121
796505
796626
797608
797760
798455
799140
799369
800342
800551
801338
801635
801919
802110
802408
802574
802816
803004
803459
803869
804336
804621
805064
805246
805491
805814
807307
807443
807868
808038
808289
808635
809246
809410
809688
810347
810632
810795
811005
811673
811972
812283
812470
812580
812837
813106
813302
813562
813702
813929
814371
814618
814939
815384
815925
816154
816912
817052
817802
818035
818550
818740
818991
819419
819592
819859
820017
820217
820406
821513
821644
821838
822192
822379
822525
823458
823750
823860
823993
824125
824323
824793
825023
825206
825451
825568
825735
826186
826305
827009
827250
827481
827686
827887
828282
828557
828766
828987
829267
829475
829750
830032
830168
830377
830910
831191
831596
832038
832593
832903
833378
833594
833802
833920
834498
834729
834845
835225
835488
835606
835900
836165
836533
836743
837070
837463
837699
837840
838041
838192
838394
838625
839030
839133
839396
839517
839714
839887
840125
840342
840869
841281
841498
841822
841942
842342
842478
842892
842997
843193
843445
843994
844306
844943
845232
845575
845736
846136
846406
846855
847013
847240
847439
847649
848375
848904
849015
849404
849545
850147
850257
850412
851187
851484
851646
851914
852185
852833
853013
853268
854212
854482
854616
854890
855064
855226
855518
855945
856107
856577
856818
857064
857658
858757
858952
859074
859200
859440
859662
859949
860090
860240
860586
860750
860928
861849
862210
862870
863290
863470
864288
864499
864685
864930
865076
865313
865512
865700
865933
866223
866449
866811
866924
867693
868142
868408
868593
869200
869889
870504
870612
870774
871064
871240
871351
872072
872201
872616
872796
873329
873539
874090
874259
874805
875265
875443
875715
875833
875977
876271
876542
876744
876990
877162
877623
877779
878032
878216
878516
878757
878864
878989
879138
879765
880184
880610
880778
881200
881371
881555
881854
882117
882350
882560
882776
883335
884079
884655
884883
885704
885824
886083
886244
887846
887951
888382
888547
888732
888879
889141
889404
890208
890420
891108
891332
891565
892060
892482
893510
893981
894263
894488
895369
895712
895971
896388
896660
896914
897407
897790
897947
898213
898347
898532
898809
899177
899338
899770
899947
900339
900549
900697
900903
901282
901491
901631
901783
901898
902344
903095
903492
904046
904518
904779
905495
905683
906146
906426
906703
906944
907116
907338
907543
907783
908210
909068
909536
909746
909857
910264
910366
910628
910850
911035
911506
911911
912274
912566
912718
913183
913456
913561
914079
914424
914604
914797
914901
915209
915411
915841
916086
916358
916775
917154
917329
917611
917968
918268
918453
918750
918866
919166
919282
919417
919748
920124
920328
920623
920887
921326
921539
921641
921963
922302
922598
922758
923275
923548
923771
924076
924822
925202
925390
925634
925759
925895
926195
926760
927392
927945
928761
929011
929164
929427
929698
929819
930115
930352
930598
930835
931795
932094
932255
932407
932552
933190
933445
933662
933954
934817
935513
936214
936327
936859
937009
937516
937796
937911
938640
938868
939199
939620
939863
940151
940333
940786
941063
941333
941569
941809
942184
942462
942576
942833
943020
943326
943454
943590
943714
943846
943968
944072
944286
944509
944647
944889
945294
946313
946716
946864
947145
947434
947628
948313
948892
949565
949675
949884
950359
950654
951071
951201
951307
951601
952157
952429
953114
953883
954097
954849
955404
955596
955862
956138
956247
956549
957020
957526
958100
958389
959186
959450
959746
960212
960742
960990
961332
961616
961756
961989
962271
962405
962613
962937
963081
963189
963461
963962
964340
964918
965227
966047
966610
967086
967312
967425
967690
967899
968165
968400
968520
968624
968813
969541
969736
970188
970294
970499
970772
971013
971155
971585
971801
972176
972424
972874
973146
973302
973579
973815
974296
974522
975001
975240
975728
975952
976479
976759
977063
977568
978013
978155
978268
978418
978710
978909
979678
979797
979951
980468
980646
980896
981186
981363
981844
982271
982840
983112
983311
983589
983710
983990
984151
984574
984807
984954
985229
985899
986195
986398
986583
986752
986950
987187
987643
987825
988013
988790
988963
989403
989766
990137
990643
990777
991184
991405
991837
992699
992982
993241
993350
993633
993868
994051
994198
994782
995597
995850
996018
996315
996545
996779
997306
997589
998066
998250
998598
998953
999223
