104 107
23 67 23 16 69 60 18 81 66 80 24 87 45 75 70 95 46 52 65 18 24 24 92 14 50 27 71 38 9 55 42 98 5 25 69 87 54 96 67 87 48 6 78 98 85 1 21 20 97 58 62 67 73 16 17 38 78 22 26 42 67 2 72 100 60 5 40 72 57 14 77 87 97 5 37 85 71 56 44 20 32 33 32 45 67 46 19 9 51 25 78 56 1 26 46 50 22 21 14 3 14 60 42 55 69 93 24 
68 81 30 25 39 4 47 56 48 36 52 83 8 53 6 73 26 12 90 39 36 94 34 55 20 77 59 57 84 18 52 58 100 94 6 5 72 23 85 80 98 23 93 6 8 14 32 14 12 16 81 97 88 81 77 53 87 22 12 98 85 34 16 37 86 36 67 75 88 67 78 56 9 31 23 82 8 53 46 65 1 75 47 71 73 69 5 84 24 33 54 28 54 67 18 84 11 67 20 20 26 80 75 99 55 92 21 
22 43 33 41 58 37 94 98 47 91 89 95 94 83 10 51 22 18 16 41 54 80 87 11 32 33 31 87 56 63 31 29 92 63 60 81 9 57 63 25 65 75 48 25 52 71 19 27 21 5 88 46 100 55 33 7 37 28 94 52 22 64 47 51 92 27 5 31 57 4 69 80 90 71 77 19 8 24 89 62 83 25 46 31 23 44 46 57 75 44 4 97 98 68 4 35 22 27 68 52 47 94 74 81 65 72 47 
77 10 31 6 54 60 76 55 95 70 60 66 73 90 86 91 99 87 50 86 45 76 70 96 29 89 30 24 59 84 61 98 3 6 99 29 23 61 72 67 12 48 94 89 29 97 28 91 51 28 11 99 11 50 78 75 20 67 70 18 81 39 16 92 73 87 42 7 70 23 5 45 16 17 42 44 43 32 69 13 9 74 69 62 85 27 29 13 62 71 42 71 44 100 37 83 43 73 46 2 62 49 91 46 51 42 83 
88 95 85 54 11 60 93 80 93 22 61 2 17 82 32 80 74 61 86 20 56 62 12 13 71 10 52 44 15 45 68 26 40 97 90 52 29 54 45 27 69 31 45 72 41 47 20 69 74 22 83 97 53 94 95 54 9 58 60 57 53 84 87 64 70 11 8 35 46 56 75 14 50 49 39 47 16 6 47 26 59 52 60 74 4 30 64 93 16 90 65 46 31 81 99 65 35 66 7 54 90 91 34 6 100 54 34 
18 61 80 37 2 5 44 98 71 81 87 3 35 43 24 97 34 21 74 71 72 21 70 79 66 80 88 72 45 26 86 24 96 80 68 86 72 42 13 26 9 60 21 75 12 35 5 56 15 66 58 74 100 68 31 23 68 30 97 52 70 15 71 71 100 54 81 60 60 100 8 44 37 82 69 25 25 70 1 53 45 57 20 18 64 33 37 100 57 5 74 77 89 97 51 25 5 64 41 72 28 85 4 91 63 89 69 
6 94 64 69 32 18 23 75 24 24 7 15 75 34 61 32 47 100 64 44 94 80 15 45 13 89 42 86 30 91 56 86 59 43 39 43 82 60 64 35 63 78 87 63 70 18 90 47 94 83 30 61 12 95 89 60 46 6 99 24 70 27 22 53 21 94 50 61 94 14 87 59 35 48 90 74 24 44 65 26 14 27 63 23 17 87 74 22 72 79 61 70 59 33 99 80 30 8 85 12 7 25 37 100 58 65 94 
22 52 70 16 40 33 6 8 40 52 26 90 78 49 4 19 4 93 80 20 55 77 22 1 96 76 35 68 34 66 46 42 83 57 31 19 97 17 25 3 30 54 18 46 88 33 5 66 64 58 68 7 75 16 41 57 64 80 20 20 81 2 35 84 27 13 76 88 19 17 69 1 66 25 4 7 35 87 7 93 65 27 8 54 10 79 39 75 70 78 68 26 89 61 99 50 73 13 92 80 60 90 8 60 85 51 84 
88 76 19 63 8 63 50 17 25 67 33 59 61 53 82 99 67 89 72 63 54 89 75 30 77 32 34 75 20 18 26 58 98 58 18 30 93 80 25 63 28 64 100 81 95 1 29 30 28 67 44 3 96 16 18 68 4 77 66 17 83 55 9 64 33 64 83 3 41 55 35 88 95 58 100 24 76 25 11 100 27 23 44 60 24 13 13 37 44 53 14 92 22 55 71 22 84 85 68 25 17 30 20 40 91 52 67 
60 61 54 34 6 97 72 96 100 100 84 39 1 53 18 42 11 90 5 24 66 77 87 68 29 30 85 95 92 40 75 78 42 60 77 51 85 27 94 98 72 45 60 92 37 92 83 28 40 86 35 43 6 48 94 67 3 91 69 26 100 64 23 76 44 84 85 12 9 2 87 88 10 60 6 9 20 75 44 54 38 43 16 4 12 2 75 22 65 54 34 26 72 27 13 27 52 74 16 81 26 22 36 54 80 2 28 
29 85 50 29 16 47 38 43 27 19 12 64 44 60 10 2 31 46 2 78 16 40 31 76 15 56 88 59 53 79 97 7 3 7 46 90 24 97 78 10 51 16 20 87 52 85 65 28 52 70 52 100 55 21 13 36 96 99 5 42 86 50 23 77 50 82 84 72 10 28 31 97 4 7 5 14 45 7 60 75 45 80 30 55 83 85 81 84 35 58 90 27 75 15 33 37 31 53 71 99 82 5 55 25 35 55 15 
74 22 66 72 76 68 38 13 41 46 14 7 12 50 37 2 35 4 2 43 57 11 1 69 22 69 69 80 28 67 92 100 52 100 21 90 93 16 90 43 41 6 93 26 3 5 74 65 31 12 11 99 81 81 78 47 86 82 6 32 47 71 14 10 69 89 46 58 9 18 97 66 4 19 95 46 79 63 57 36 7 5 11 70 95 24 53 4 28 3 72 39 23 21 47 32 15 6 60 99 41 61 73 11 50 35 8 
55 74 58 51 71 74 38 46 54 4 57 99 89 75 15 18 58 27 37 39 2 19 81 1 34 9 5 27 77 32 98 73 63 7 5 51 84 82 1 51 95 42 48 88 66 89 5 39 81 11 38 4 54 65 29 62 83 70 45 51 27 56 56 94 50 11 14 46 48 55 18 17 64 43 3 72 5 4 99 80 95 41 77 85 41 93 22 17 39 81 59 20 14 70 14 89 84 49 25 12 23 64 62 63 73 20 68 
41 71 31 68 13 43 48 11 28 48 70 12 15 37 18 91 78 82 92 76 76 88 52 8 95 78 11 71 38 48 55 12 12 71 68 72 73 72 93 37 12 32 35 30 39 34 27 67 95 54 34 42 67 76 32 50 37 72 78 56 76 22 78 44 71 19 48 58 52 65 84 97 75 94 12 25 75 9 66 14 2 70 16 79 23 34 59 91 4 62 87 29 59 2 5 17 12 18 58 38 18 64 46 7 58 1 89 
14 37 97 8 92 97 79 53 29 28 90 66 43 19 31 90 100 92 35 12 2 55 42 34 27 76 5 70 43 11 23 25 34 98 38 9 81 77 67 30 21 30 59 23 37 71 21 89 14 61 83 21 33 89 38 59 32 72 59 74 48 68 23 25 1 38 22 95 95 65 45 38 56 44 28 56 21 70 50 29 18 76 75 77 9 67 78 66 77 85 9 21 46 21 63 71 55 80 88 35 80 19 62 17 3 84 28 
99 57 40 78 86 81 34 65 17 88 62 11 37 92 75 35 27 71 21 66 29 18 77 45 41 57 70 46 73 51 60 18 88 62 35 24 6 88 51 51 5 79 68 83 58 40 82 89 14 21 39 19 69 46 75 61 44 74 61 94 75 10 65 46 21 95 58 69 50 8 25 3 96 82 98 61 64 53 100 62 28 72 66 60 4 63 70 92 96 33 31 39 22 53 68 72 12 78 85 45 94 31 67 90 56 60 10 
98 48 39 40 75 92 89 10 38 39 83 70 70 72 26 20 47 27 37 73 89 60 63 89 89 17 55 32 42 70 88 1 6 93 20 30 38 80 27 79 92 50 52 6 19 15 61 36 39 83 9 22 69 56 84 47 2 86 92 4 73 10 27 32 56 4 46 100 45 15 48 58 66 65 10 41 8 83 61 76 41 26 18 14 3 52 80 100 88 42 94 86 84 55 78 91 90 41 56 61 45 82 57 14 3 2 46 
62 3 82 74 34 70 84 15 32 28 93 59 58 64 87 32 7 28 85 24 45 61 28 7 42 88 93 61 6 69 76 50 56 23 41 6 88 67 45 81 52 65 95 96 6 44 92 18 34 19 87 35 17 60 89 96 32 2 34 77 42 15 8 11 27 46 31 88 49 12 81 57 78 35 23 76 85 68 100 92 65 72 20 59 28 54 54 18 5 25 14 77 83 56 43 49 25 65 29 23 87 57 96 81 99 64 3 
6 35 41 8 91 5 91 16 86 67 57 61 3 98 65 60 3 16 17 59 44 30 67 96 94 71 51 27 18 85 25 40 31 13 88 57 17 59 6 44 70 10 31 50 41 58 76 42 27 95 21 41 44 21 36 74 10 55 31 97 68 16 63 54 13 70 44 60 22 89 91 40 18 4 98 76 72 61 6 85 87 77 23 96 80 26 1 61 42 15 93 27 61 32 59 54 35 61 35 74 12 81 30 74 7 93 43 
3 85 94 85 47 23 42 92 96 86 92 61 67 51 78 91 75 89 58 55 28 62 11 4 71 51 47 12 23 91 80 37 61 73 51 92 69 61 83 100 85 87 67 54 89 61 6 28 69 94 20 69 100 24 8 60 1 81 53 59 7 60 71 72 29 54 48 86 41 65 70 31 67 48 62 74 10 90 26 14 40 35 17 99 95 66 56 6 87 39 71 89 9 85 46 19 68 86 35 19 49 20 76 39 36 32 19 
83 18 72 31 66 86 22 88 91 93 44 17 5 41 85 35 57 45 3 84 83 15 32 52 2 52 21 62 47 47 67 18 36 38 10 82 27 21 8 62 8 98 16 64 76 9 31 2 64 23 67 25 55 71 51 1 95 43 37 95 78 19 34 11 85 16 10 75 9 57 65 84 57 87 74 17 77 51 99 6 64 45 66 8 71 48 53 50 36 94 8 66 44 23 79 22 43 29 65 55 73 34 94 22 34 62 15 
35 99 92 78 93 93 14 9 82 88 97 89 64 5 24 61 2 81 92 73 1 62 2 33 90 80 48 52 75 75 32 49 76 28 60 97 79 36 91 86 51 41 27 79 37 62 12 39 92 28 53 12 35 72 32 81 82 56 19 62 27 71 23 84 4 54 17 81 18 52 5 14 53 91 58 46 22 96 95 38 64 3 73 36 84 75 71 82 100 26 92 36 94 71 4 5 8 44 65 82 66 93 24 85 18 90 31 
83 13 66 48 19 20 34 13 60 76 86 50 92 98 36 98 24 19 42 83 37 48 81 46 56 45 92 58 7 1 83 71 43 84 65 23 7 66 72 67 49 69 15 95 82 75 93 46 32 72 52 77 63 4 40 9 16 28 29 62 9 69 39 22 89 84 24 3 73 9 3 37 97 32 76 96 11 68 37 47 49 17 27 90 39 90 42 65 50 82 37 6 83 54 88 68 87 35 60 99 4 23 58 21 54 38 99 
10 13 33 23 52 56 75 11 48 44 50 94 4 100 10 15 67 73 86 90 33 85 13 9 86 43 6 8 52 68 63 9 26 98 11 37 63 32 95 82 59 20 42 74 53 48 85 39 73 21 77 84 34 66 60 2 32 44 99 8 48 58 68 82 7 83 4 35 55 13 84 18 49 65 54 8 28 11 94 88 99 51 49 93 94 31 17 25 94 11 38 49 79 28 42 37 87 70 50 58 63 27 38 39 90 100 63 
36 22 10 91 83 79 22 59 64 32 84 36 35 32 53 37 94 71 88 5 28 8 20 91 61 38 96 78 8 100 56 10 36 100 59 78 83 64 93 81 82 49 84 6 89 93 11 32 82 9 52 19 37 89 70 93 32 1 33 42 48 44 51 20 58 41 1 56 31 97 10 77 35 17 36 35 84 46 64 77 77 66 9 2 81 80 30 17 73 1 89 99 43 42 88 6 83 73 14 14 39 61 88 17 51 68 30 
40 9 24 11 38 1 58 74 59 32 48 52 24 95 47 37 69 3 46 93 19 69 33 42 98 23 7 44 35 95 64 97 62 41 45 16 16 54 99 78 41 35 10 32 42 47 72 75 3 87 95 39 81 95 21 96 85 69 9 19 37 82 2 6 15 39 17 34 5 43 63 78 66 82 23 62 3 99 83 27 58 82 43 22 75 11 2 31 18 34 82 26 73 24 17 63 4 40 60 29 66 73 28 90 45 9 48 
47 54 59 60 37 23 39 63 15 44 71 84 12 29 30 89 77 73 74 23 67 13 89 11 28 69 35 36 50 32 19 94 85 68 30 63 32 8 51 11 36 6 98 49 67 56 98 11 83 98 81 39 91 72 56 46 58 56 1 20 55 32 19 78 46 71 72 84 11 41 61 64 35 44 73 33 59 100 84 7 51 22 52 2 42 61 33 60 21 84 27 19 33 100 74 65 57 59 6 42 52 37 79 75 50 94 36 
50 28 50 74 57 34 71 74 80 55 20 54 34 35 87 14 20 42 68 92 58 39 65 85 16 23 88 17 48 57 23 81 37 31 72 2 40 46 2 6 42 32 75 2 83 35 24 36 61 98 11 42 84 77 94 85 9 47 35 76 7 19 13 1 27 66 96 51 59 14 100 82 99 85 3 33 60 38 66 34 22 7 83 76 43 59 68 83 92 39 83 40 68 39 21 51 50 76 20 36 32 76 41 36 85 34 56 
31 39 56 21 38 48 5 39 22 22 3 90 19 64 62 68 29 12 73 3 42 1 46 60 55 74 88 82 31 24 89 9 7 16 37 8 12 79 53 23 2 97 43 70 24 65 20 95 58 8 100 32 14 98 88 26 54 96 90 1 90 9 34 76 55 43 78 88 21 8 84 32 47 13 18 88 13 63 49 100 4 49 60 33 9 91 48 29 46 70 11 52 72 30 65 70 13 56 37 17 44 88 100 52 7 48 51 
81 13 1 1 69 60 71 90 94 11 20 55 77 61 97 92 74 55 99 43 48 8 30 43 38 89 86 27 38 62 72 100 15 100 81 57 29 58 72 23 39 89 72 86 80 18 15 88 8 19 60 94 59 35 60 57 52 16 94 27 76 72 2 89 80 84 57 22 16 25 1 77 75 98 31 91 57 100 5 72 16 90 62 96 48 75 74 54 41 16 80 65 58 84 83 64 75 67 4 27 47 99 97 47 27 71 5 
52 17 8 97 83 80 6 84 62 83 26 74 15 13 59 3 87 56 21 35 68 96 19 48 29 59 62 85 65 44 25 31 38 1 51 74 70 67 10 25 44 41 43 35 13 4 75 28 11 10 33 44 75 78 79 63 90 19 12 98 96 99 47 58 96 93 73 10 11 46 94 8 40 26 14 71 16 100 53 92 18 54 99 44 79 19 80 58 35 32 99 33 82 23 32 98 36 9 6 16 2 77 76 32 43 8 26 
47 52 25 89 39 51 34 77 69 55 9 56 22 87 6 25 24 77 37 21 30 87 33 4 68 78 72 35 33 98 62 74 25 59 36 37 95 9 48 92 53 25 87 83 99 83 63 50 74 92 65 90 55 27 63 39 29 6 5 44 71 76 8 66 56 29 70 51 68 27 16 72 94 64 66 79 12 90 72 64 15 34 77 76 88 73 11 3 67 7 52 3 79 6 74 92 99 10 66 59 63 95 95 93 86 91 30 
39 44 42 28 67 24 61 48 25 36 87 26 69 6 68 15 22 93 7 78 30 47 47 1 54 31 43 44 63 100 81 45 27 94 31 22 69 57 26 63 50 33 3 22 99 11 57 48 7 94 57 51 62 85 65 34 51 21 20 34 8 51 84 44 29 81 27 82 55 57 26 73 19 36 6 66 40 7 98 64 41 24 1 68 93 20 31 33 80 49 27 89 71 44 92 39 3 30 37 64 73 21 56 35 31 10 35 
21 24 51 38 65 7 68 16 15 98 4 79 86 82 68 12 73 3 96 98 54 31 56 31 84 28 69 95 9 68 11 9 37 13 66 54 9 79 9 68 15 79 26 45 5 64 68 78 100 35 95 55 60 23 88 40 54 96 37 15 84 31 21 3 56 36 7 24 34 81 16 64 28 84 40 87 21 67 30 97 42 55 55 3 13 85 40 7 20 76 69 28 71 88 32 1 66 78 85 25 28 54 94 5 3 92 64 
12 50 63 75 35 14 99 22 26 65 74 94 77 100 9 33 20 89 8 11 62 85 55 8 43 55 89 66 75 53 55 20 44 29 15 25 21 97 39 17 22 63 79 73 29 64 40 74 23 47 48 78 84 67 3 53 55 44 10 33 82 77 32 99 12 27 86 65 96 94 13 76 90 54 12 34 100 35 26 37 60 40 81 1 81 88 59 91 80 64 45 13 39 3 95 63 84 62 47 56 82 88 95 10 95 43 5 
77 60 2 48 60 20 87 45 57 79 50 23 46 85 88 74 74 23 47 26 32 88 13 58 27 83 35 71 53 27 6 19 93 10 95 95 31 55 79 26 37 12 63 59 81 28 33 68 47 89 43 36 22 42 26 57 93 58 69 64 75 58 80 83 42 53 52 6 23 68 15 33 79 88 5 15 51 40 52 56 100 28 66 13 7 70 25 36 20 77 62 43 14 11 13 62 36 16 25 56 81 13 16 82 96 36 51 
62 61 78 85 14 66 68 15 45 47 82 77 53 21 97 100 90 18 39 73 58 54 77 12 73 38 32 40 31 32 63 34 3 79 47 33 87 20 25 10 66 86 78 18 21 78 19 44 46 50 87 87 7 91 5 41 86 22 91 23 22 44 66 19 61 93 78 12 57 50 25 59 51 66 78 73 29 91 87 13 78 3 48 42 11 86 24 23 20 40 22 46 26 9 90 49 100 22 24 100 7 97 38 39 47 80 70 
9 35 81 19 11 77 92 90 36 27 68 88 90 92 80 11 67 70 80 44 19 66 10 99 80 62 48 100 49 49 50 40 77 8 54 26 20 100 56 13 99 3 9 70 70 59 91 73 89 75 87 3 40 77 88 50 48 90 77 67 66 95 25 80 38 40 66 64 67 44 3 24 13 59 81 100 85 3 71 9 62 64 38 39 51 27 84 50 51 45 52 9 70 35 43 56 41 29 12 13 96 92 26 63 20 35 90 
66 53 22 45 66 96 99 84 70 10 66 96 45 6 66 90 82 89 34 86 62 19 97 46 9 95 79 40 18 44 94 95 22 10 74 88 37 35 91 40 84 54 83 72 27 64 74 83 57 45 3 67 80 35 28 8 23 60 97 6 68 28 44 63 93 39 49 64 91 79 14 83 98 93 94 13 50 62 58 77 92 41 62 32 28 96 69 36 14 93 54 10 63 21 51 29 91 14 93 83 49 74 2 51 85 17 96 
82 9 60 65 96 4 10 99 90 83 20 93 34 41 49 30 17 13 93 19 49 53 95 37 37 85 12 37 89 76 27 6 23 61 13 92 49 80 69 20 66 51 1 65 19 86 48 10 28 63 97 10 15 38 16 67 26 24 17 56 52 43 88 93 49 97 36 87 41 5 10 93 21 12 64 23 67 25 20 11 49 42 41 29 81 25 29 26 68 31 94 3 46 19 34 97 23 78 32 70 36 49 88 83 85 9 55 
11 94 87 45 7 3 90 59 74 52 71 98 68 24 66 25 39 91 67 93 65 20 44 5 26 77 63 62 76 91 41 90 80 83 76 22 54 12 79 56 67 24 51 54 12 9 43 45 75 98 75 96 15 80 64 95 32 43 30 69 47 68 38 69 5 23 48 56 13 7 78 95 97 32 82 24 69 51 2 54 99 89 95 11 50 10 2 48 89 53 38 82 92 89 50 34 88 92 82 58 99 13 51 88 43 58 62 
46 59 54 57 28 79 65 74 76 46 60 79 57 54 72 49 52 1 3 10 72 19 81 17 17 10 49 31 13 75 55 81 87 76 26 23 66 82 51 6 12 48 94 75 17 67 87 93 23 73 21 63 5 61 59 48 16 65 2 55 4 39 18 61 14 84 63 45 19 42 100 67 26 82 42 62 44 49 83 49 35 37 5 46 8 56 51 39 43 44 73 28 16 13 4 49 27 56 93 56 87 52 18 31 47 55 34 
52 59 77 59 69 34 11 14 87 12 4 92 88 76 61 12 72 13 75 33 28 14 82 38 99 43 10 44 18 49 40 34 86 31 32 22 41 87 4 86 30 72 51 2 52 49 79 45 16 4 32 59 79 39 22 65 10 86 33 47 47 95 12 22 87 67 15 32 97 40 100 1 38 11 20 80 10 3 46 18 27 56 49 56 4 54 9 15 43 9 55 55 37 43 50 82 1 42 15 79 28 46 67 31 99 59 24 
48 29 50 24 35 65 71 28 35 93 38 32 54 9 41 69 31 85 59 96 42 36 51 75 12 64 86 89 83 14 72 57 70 64 95 53 67 30 65 85 18 70 37 39 26 5 99 72 71 67 53 79 56 60 38 66 84 69 28 50 8 11 100 82 55 43 17 54 49 14 65 82 55 42 51 74 59 67 88 42 47 49 13 3 86 44 85 45 100 57 32 98 99 79 22 57 63 18 29 80 73 57 17 1 36 89 23 
32 84 77 32 7 17 26 45 10 70 27 21 42 50 99 45 29 100 69 28 24 72 73 39 89 5 80 2 16 17 66 22 86 2 3 97 47 38 32 9 83 5 28 31 28 57 32 47 100 37 81 19 39 61 36 35 78 6 33 4 34 97 13 39 27 79 9 69 22 31 84 40 25 61 76 27 1 28 2 77 6 34 23 94 71 49 52 78 22 45 20 80 21 49 99 80 5 36 84 3 97 38 73 39 7 81 68 
44 60 89 92 21 22 20 80 72 5 57 60 99 7 75 32 20 40 60 54 49 52 21 77 68 93 98 31 14 44 19 84 57 57 50 94 94 89 48 42 68 72 82 9 86 65 39 39 49 35 97 96 82 56 69 86 35 24 60 40 24 24 84 64 70 61 15 40 80 5 27 5 69 25 21 85 99 5 74 27 38 30 71 99 52 88 73 33 24 65 8 35 74 36 69 48 35 36 49 6 89 71 1 42 79 19 40 
81 48 28 45 91 98 7 91 20 58 25 24 62 74 95 87 48 8 23 39 20 82 60 58 34 20 67 47 100 69 3 70 21 30 44 73 70 95 39 31 11 29 41 37 46 85 7 32 8 97 29 86 25 55 81 44 32 72 13 78 18 12 3 62 4 4 70 100 8 37 36 25 49 66 80 26 10 65 48 95 89 23 69 43 30 23 34 58 26 81 17 9 48 92 47 58 61 63 24 18 4 49 56 2 57 78 38 
10 29 62 77 97 40 39 32 23 96 2 24 62 78 21 5 56 17 29 1 28 15 92 64 58 70 98 30 21 37 75 38 90 91 57 50 73 98 33 74 8 9 50 68 76 47 17 75 64 38 62 51 65 37 3 67 22 97 40 26 17 82 85 96 19 47 47 40 97 39 29 77 68 17 71 19 99 30 61 68 70 62 76 79 35 48 28 23 54 27 66 6 91 28 91 93 41 21 90 39 7 52 2 7 82 46 86 
75 68 63 39 63 63 87 43 16 91 70 73 7 3 30 54 74 5 21 34 36 41 13 21 90 41 99 96 27 23 43 47 43 32 9 95 1 100 33 17 2 92 90 52 68 79 91 60 18 51 19 30 33 34 13 49 48 94 92 72 21 55 77 28 21 46 54 85 91 44 6 94 24 15 91 64 12 86 31 13 25 58 43 90 91 96 16 11 76 40 99 35 74 86 59 78 2 65 17 100 26 74 82 46 43 78 57 
65 29 81 38 26 30 51 2 29 35 61 56 7 57 86 43 90 48 7 19 60 7 94 83 21 20 5 62 16 70 50 1 66 43 46 11 22 19 75 8 46 40 52 83 33 8 73 76 1 45 14 34 33 79 74 19 51 22 96 6 51 58 52 63 47 96 94 42 43 52 39 95 20 13 41 20 73 54 65 61 23 21 51 71 26 38 47 5 87 11 79 31 75 23 30 8 73 99 8 43 63 29 58 50 34 64 97 
97 52 60 8 64 47 51 24 22 78 47 82 99 80 2 7 58 21 1 97 1 94 49 70 79 54 10 90 60 70 53 27 70 99 37 8 14 90 43 29 82 11 41 30 20 41 46 6 79 11 27 30 27 2 46 9 31 72 98 44 36 40 7 59 31 13 88 20 31 55 31 19 67 9 70 3 62 79 59 85 78 75 44 73 36 99 73 13 60 55 66 6 71 28 47 75 72 74 7 17 6 97 40 31 71 14 63 
69 79 26 31 41 96 60 43 72 3 13 50 5 90 9 35 68 76 43 14 42 11 45 11 32 7 9 26 17 54 40 63 69 66 57 82 78 90 28 1 1 86 36 17 97 83 66 57 97 37 61 64 84 86 68 86 37 45 3 37 9 37 49 1 40 82 67 42 89 71 9 77 29 23 56 45 55 15 93 94 36 57 15 51 82 10 10 21 74 38 9 39 80 100 6 77 8 71 22 32 20 100 72 49 31 23 85 
91 74 19 44 63 79 38 42 29 89 73 60 74 67 40 68 42 78 39 43 56 31 65 23 88 26 79 71 97 74 3 66 92 67 60 36 41 82 44 4 74 81 83 1 67 90 92 61 81 4 49 6 37 84 32 58 30 1 56 55 27 40 8 83 95 31 93 70 52 96 51 58 29 37 93 62 86 5 85 65 28 22 27 61 92 94 87 73 43 65 61 65 25 36 45 21 56 65 66 68 76 38 65 11 57 19 20 
92 96 32 35 43 54 41 52 18 10 30 35 45 9 63 97 30 17 94 55 48 75 71 10 74 65 25 42 42 54 30 58 6 81 17 24 26 57 64 16 57 71 72 19 15 95 25 45 44 6 93 45 46 97 43 77 30 48 77 32 68 45 38 12 72 5 58 83 98 75 19 39 28 4 69 21 56 36 97 74 32 32 99 97 71 74 55 82 77 70 83 99 14 33 70 95 23 3 10 62 30 99 17 83 51 75 3 
56 52 25 46 16 3 87 59 67 80 28 90 82 42 55 89 36 64 74 22 15 19 94 69 79 90 25 89 77 91 15 20 77 7 60 10 33 35 69 43 8 93 93 81 59 100 92 10 69 43 16 44 48 7 84 32 66 73 57 39 57 27 6 6 21 69 100 75 81 56 16 75 23 52 59 64 54 39 73 7 34 76 97 3 43 43 16 65 70 49 92 89 63 55 73 44 1 23 49 88 83 78 16 76 10 20 31 
100 1 75 77 72 87 82 98 75 38 25 12 7 98 85 13 35 12 59 21 21 67 97 93 85 97 28 41 89 25 18 71 11 6 52 69 67 61 67 20 64 48 16 90 72 93 54 62 66 76 83 9 49 82 50 30 19 68 42 23 6 36 70 19 53 91 41 37 42 64 71 79 88 5 94 85 58 37 1 60 90 51 71 89 91 10 92 44 44 69 38 8 66 29 26 23 25 69 80 32 86 42 49 79 54 80 7 
66 49 66 19 38 86 86 68 28 36 52 6 37 6 86 17 29 77 3 93 84 4 81 26 1 45 13 27 61 70 66 77 89 58 82 30 19 37 4 7 10 81 87 12 30 59 10 43 78 48 66 23 3 96 50 33 21 41 20 17 83 54 3 57 46 22 33 86 34 10 9 48 2 49 53 20 6 87 31 53 37 41 99 41 3 34 37 97 64 58 35 20 70 66 15 27 40 91 100 19 92 31 27 42 86 6 8 
9 74 11 49 39 36 48 80 63 45 42 16 6 9 93 21 93 36 27 43 94 83 46 13 93 2 30 44 89 82 29 72 57 90 38 11 46 79 71 17 65 53 93 27 89 48 78 7 67 3 71 99 33 58 38 86 63 9 37 97 59 35 39 40 81 24 58 1 43 4 72 72 52 86 65 63 38 2 37 82 26 10 88 50 65 21 94 92 92 75 82 12 71 85 19 12 94 73 51 69 20 80 69 70 42 45 4 
30 98 47 39 93 67 35 49 65 95 51 38 38 55 96 33 99 68 87 33 71 9 36 4 80 51 77 40 70 75 71 51 79 38 62 77 4 36 66 3 72 42 70 66 55 84 97 82 28 60 14 8 30 26 24 97 66 62 94 55 47 6 34 74 29 90 1 72 87 32 75 92 63 87 45 29 4 15 23 88 30 81 48 78 16 24 97 99 45 11 65 88 83 100 59 52 59 36 49 57 58 54 1 53 27 58 53 
39 13 49 28 47 57 2 1 38 33 95 66 36 36 48 62 27 28 91 89 21 15 58 74 38 96 91 88 45 89 57 9 30 62 10 13 89 46 40 45 41 40 1 61 75 76 45 91 52 99 7 89 68 20 18 87 45 30 94 79 53 38 42 7 68 81 93 43 57 13 76 57 36 91 76 41 8 27 70 82 89 15 13 21 79 12 86 25 59 98 14 3 41 25 45 5 28 77 93 47 3 26 46 68 96 72 95 
29 16 66 96 99 85 20 90 43 81 89 100 95 67 69 67 11 10 54 1 53 99 45 11 42 96 67 11 7 27 57 59 36 23 75 35 34 98 27 18 94 15 93 91 86 80 45 31 34 42 32 92 47 78 72 56 67 40 42 58 99 60 19 56 18 30 60 49 42 97 64 96 34 53 32 60 16 34 45 14 40 70 95 52 88 80 81 5 5 42 89 73 50 86 79 61 100 37 36 27 78 100 85 97 52 44 86 
70 6 78 93 92 92 65 86 26 66 1 39 97 57 48 54 41 21 31 61 36 38 28 15 10 94 34 88 13 89 95 9 59 67 45 76 26 88 35 68 76 79 13 30 61 87 26 86 8 70 68 92 20 85 52 73 71 36 65 32 20 16 70 42 92 6 85 18 51 20 85 85 57 8 89 50 55 82 98 69 7 67 23 39 89 98 5 82 30 34 18 1 71 65 52 7 4 90 38 94 43 37 21 86 67 88 46 
70 70 86 79 8 14 59 34 73 19 45 33 6 18 68 24 88 31 14 6 56 96 46 28 53 34 45 77 53 56 7 61 30 29 53 95 65 13 36 45 14 72 51 25 80 39 21 4 87 70 31 68 49 89 53 36 30 64 18 96 74 34 40 41 51 45 73 69 3 39 16 11 30 6 75 66 71 100 80 91 95 34 98 68 91 79 69 71 15 77 49 55 82 43 6 48 83 11 72 27 55 76 40 88 55 19 62 
96 58 38 1 5 38 89 28 69 94 92 60 55 6 18 72 1 68 57 36 77 25 61 28 56 13 100 27 47 45 17 30 65 79 74 74 11 43 52 74 86 11 100 90 6 89 26 25 64 73 16 55 75 44 97 69 5 15 42 67 55 1 54 11 30 56 99 59 39 46 79 17 9 45 66 63 61 31 33 54 5 34 65 31 36 50 4 52 94 29 92 67 45 14 36 42 88 22 5 47 1 66 79 93 72 35 79 
77 99 89 30 71 78 38 91 16 84 88 82 32 90 51 11 48 76 8 20 29 73 77 13 18 33 14 93 21 52 92 90 38 28 15 72 63 20 6 31 53 29 38 66 19 2 74 26 87 87 38 34 59 13 55 70 45 55 11 35 3 64 12 34 30 12 95 74 76 14 7 69 44 9 82 33 54 27 32 12 11 88 7 19 2 2 34 16 17 66 72 99 87 35 64 95 74 79 100 82 71 8 51 37 62 8 99 
31 17 18 33 22 34 18 83 66 73 1 22 69 45 77 16 73 18 28 68 87 60 87 40 4 23 28 70 25 79 68 27 94 3 69 98 23 90 82 37 77 18 57 81 80 30 95 71 99 45 95 55 47 11 24 29 52 46 86 8 77 66 22 65 47 89 37 34 16 98 22 11 49 72 22 88 41 93 55 36 79 31 29 87 4 97 17 93 57 42 43 87 50 81 84 84 66 17 26 78 65 2 100 87 38 57 34 
85 24 73 68 98 90 55 25 86 61 62 23 52 47 78 26 41 3 58 35 95 87 4 62 85 98 58 6 93 74 77 93 5 78 28 51 22 30 59 9 73 46 26 99 55 40 84 22 12 27 63 22 70 11 34 9 85 91 82 52 87 71 37 13 86 85 93 71 75 83 33 58 60 32 98 34 21 69 6 27 65 9 65 38 64 83 77 3 55 3 7 78 87 77 37 2 51 37 77 22 73 89 98 10 8 57 35 
8 11 92 18 93 39 76 80 75 94 97 94 30 7 97 95 93 32 42 46 20 22 41 26 77 8 8 30 96 42 51 70 50 76 43 13 48 41 42 11 79 68 31 56 29 58 27 15 16 80 51 28 96 97 63 31 10 32 23 73 68 67 53 50 6 75 17 75 65 86 78 64 11 100 73 8 29 4 6 38 63 29 42 21 75 58 43 94 58 44 44 17 51 83 82 34 39 30 82 61 92 10 20 4 88 88 32 
78 21 73 16 36 90 49 35 35 20 35 49 45 99 70 17 84 33 50 11 54 23 85 44 11 2 91 100 58 90 77 54 78 29 75 49 38 37 1 17 89 82 99 43 3 32 61 72 61 76 7 94 8 9 22 75 82 17 80 68 6 89 27 36 9 26 6 62 35 39 65 55 9 91 90 62 49 61 50 91 25 59 43 44 34 29 44 55 56 42 76 97 70 34 61 50 20 38 20 97 17 61 15 56 31 20 17 
87 11 72 5 69 64 30 75 16 3 52 1 79 20 88 98 70 81 63 47 50 68 79 77 10 56 45 2 16 77 32 23 91 20 63 45 62 69 31 33 97 41 80 95 34 86 81 62 37 86 68 82 57 59 85 49 16 76 22 54 49 30 28 47 61 84 25 100 100 7 56 13 95 67 55 49 97 60 32 84 11 25 80 98 46 99 40 15 25 75 8 36 68 46 87 41 87 50 38 89 3 59 43 34 26 30 51 
23 56 72 97 54 56 32 24 7 57 72 50 50 91 59 4 86 61 38 26 48 78 69 31 30 2 74 74 46 9 4 91 56 25 29 62 88 59 92 76 78 35 89 8 38 40 95 19 21 85 65 10 26 5 64 88 67 1 96 19 61 55 4 77 64 56 70 40 1 40 40 40 26 58 76 50 1 12 94 87 23 75 60 33 55 100 3 64 44 82 1 46 62 50 59 79 9 46 80 15 22 87 36 16 14 93 19 
2 5 94 8 8 2 17 30 76 33 5 94 21 21 100 12 56 10 75 94 100 91 28 79 90 100 32 60 67 46 12 45 35 58 69 8 20 49 48 79 95 41 32 51 8 19 60 64 76 13 22 39 30 74 50 3 46 44 47 35 35 88 29 5 78 40 10 9 24 27 26 40 19 82 98 96 65 54 91 96 60 87 89 30 38 37 48 90 88 22 52 52 37 74 83 70 7 45 25 66 11 63 97 58 40 66 89 
2 63 29 1 60 4 84 45 83 64 30 5 64 81 13 45 4 46 20 16 96 90 100 23 32 2 99 22 83 100 72 79 13 68 74 51 17 51 60 81 6 87 34 36 31 64 73 46 5 92 70 20 66 91 65 90 73 64 88 29 47 12 27 28 71 87 5 84 95 2 97 68 26 70 86 40 68 76 96 19 14 7 61 86 32 8 17 14 18 43 96 25 9 3 32 90 9 12 47 66 22 44 94 41 65 15 75 
11 40 35 6 72 78 63 86 87 25 89 97 18 34 71 67 7 16 80 52 69 8 76 24 9 99 51 68 74 40 64 73 35 59 36 54 99 44 38 5 56 2 69 64 70 1 48 97 80 32 71 74 11 8 38 74 66 12 76 99 20 21 88 55 96 2 93 48 46 27 38 71 35 86 41 60 12 12 29 25 24 88 99 58 90 63 81 46 17 81 29 95 25 99 68 5 69 60 43 80 73 83 71 19 18 77 9 
43 82 28 33 65 54 9 59 84 72 15 56 98 32 56 39 48 61 8 4 86 6 63 44 17 7 57 31 4 57 95 43 25 10 6 93 48 10 67 89 58 16 19 63 43 79 61 11 24 83 82 88 64 28 14 32 48 79 67 58 93 74 45 17 89 76 99 37 85 97 55 3 84 7 93 16 89 88 13 96 80 65 84 28 55 50 74 57 28 46 83 100 62 30 46 61 18 35 30 33 92 11 35 10 85 93 19 
24 94 14 87 12 42 36 10 1 47 96 85 4 24 67 30 33 68 20 49 89 53 32 86 57 13 54 62 29 88 9 18 60 85 66 81 91 79 47 61 45 32 62 56 44 22 8 81 80 2 35 70 47 23 100 53 8 3 15 46 65 73 77 21 48 95 89 63 45 1 46 4 49 77 49 10 49 52 27 62 34 46 12 10 25 24 69 3 82 77 37 91 95 35 41 88 23 33 75 12 83 67 56 85 12 34 23 
68 62 75 12 49 37 39 33 89 17 28 95 38 43 66 79 67 2 20 38 4 83 91 19 86 72 30 51 37 42 27 45 96 25 14 32 56 28 89 39 58 55 55 2 1 4 30 90 76 54 5 78 5 98 72 92 24 11 88 6 27 84 1 15 82 91 76 45 86 58 35 93 83 14 44 23 2 80 63 48 2 60 48 96 4 16 28 95 27 79 6 36 9 88 84 41 50 12 64 85 72 11 54 93 65 42 52 
94 1 95 5 48 95 61 50 80 84 14 82 60 4 27 88 56 9 91 96 75 50 32 66 70 47 60 73 64 1 97 58 43 82 67 3 48 16 33 46 83 17 57 98 50 23 18 8 17 27 60 1 34 28 94 45 77 27 66 70 22 64 23 46 79 55 75 11 27 23 23 3 5 67 33 79 79 3 39 94 86 25 19 61 100 76 81 17 63 42 78 39 96 31 63 69 41 1 5 78 49 94 36 29 10 9 46 
92 61 50 41 62 63 52 20 19 94 97 62 15 67 88 51 80 18 70 55 52 59 27 79 99 61 67 77 29 43 87 16 43 28 19 79 62 24 82 25 64 44 19 4 87 99 35 12 35 6 87 33 80 68 86 87 12 100 12 20 35 6 18 60 18 35 99 60 45 98 82 54 19 20 34 78 100 37 75 20 6 71 2 64 87 6 80 71 87 94 45 21 79 34 19 60 95 92 13 53 41 15 80 67 49 96 39 
85 100 24 3 24 4 98 18 68 5 47 34 97 81 12 84 85 5 18 15 23 73 55 75 36 24 62 97 33 98 2 14 34 33 13 13 87 37 31 37 48 70 76 17 75 1 62 23 76 6 38 81 18 50 22 72 19 76 88 74 76 78 36 19 46 89 99 23 78 2 69 79 60 89 4 43 67 100 87 48 38 60 24 53 99 23 27 56 26 3 84 59 42 59 44 60 12 24 31 46 45 76 69 67 98 59 95 
99 63 34 71 78 13 62 12 31 6 29 20 37 99 91 81 5 93 16 80 27 66 13 34 85 80 2 18 19 87 6 36 19 3 96 45 81 59 74 36 3 34 96 36 3 8 97 42 43 21 96 40 51 8 61 30 99 79 92 5 70 42 2 79 40 32 18 93 18 97 98 72 97 3 35 32 93 18 81 94 67 5 62 50 47 85 18 74 9 61 90 51 40 88 7 82 59 49 97 63 63 16 32 98 1 98 67 
50 76 43 37 85 28 90 84 74 81 62 34 37 68 85 93 89 23 69 51 58 10 31 86 11 92 93 88 67 71 9 28 2 20 88 100 26 79 38 36 33 43 14 31 62 30 89 12 88 14 95 63 27 67 5 67 35 6 45 26 71 70 77 78 100 92 9 95 34 19 3 87 80 58 4 98 49 68 29 41 39 51 88 69 73 82 29 88 84 42 73 54 27 82 94 99 85 11 88 100 17 99 94 43 52 33 73 
69 33 55 83 17 32 79 65 15 63 70 47 29 65 10 51 4 19 9 11 33 22 87 34 20 53 22 78 92 74 76 60 84 46 17 67 79 6 86 39 29 33 64 22 83 58 97 6 63 67 46 45 36 24 14 19 71 16 97 66 36 98 100 98 2 69 61 70 76 2 35 87 21 74 89 12 33 84 88 86 98 10 36 15 21 100 61 7 52 17 68 19 79 36 42 91 89 69 14 34 28 31 61 79 82 34 90 
1 6 53 92 77 35 49 45 34 43 42 46 48 19 68 87 97 30 96 52 29 74 17 33 23 81 10 35 45 100 43 54 14 51 25 85 13 61 39 91 48 74 87 94 21 57 11 24 73 60 21 66 83 97 84 77 16 81 82 94 70 65 59 67 64 13 88 66 41 54 37 81 25 78 9 97 47 18 95 40 15 21 44 9 31 44 97 62 42 1 47 22 63 67 34 93 33 96 2 33 5 1 62 40 20 10 53 
80 44 43 77 38 96 69 27 79 1 28 53 84 32 80 42 63 7 80 29 46 78 32 89 71 78 95 68 16 12 12 90 82 31 15 19 39 82 58 91 21 25 91 87 1 55 63 75 49 99 25 30 95 46 48 90 13 1 58 70 15 31 54 32 63 86 8 3 35 35 20 93 51 92 98 73 31 61 52 19 20 16 67 23 26 67 98 59 43 78 55 9 89 41 21 43 78 82 12 91 72 57 52 13 34 99 76 
88 52 2 63 78 24 66 43 19 21 34 70 7 92 19 63 73 73 91 14 17 29 55 7 39 34 25 96 50 63 29 78 95 17 33 16 53 20 89 6 28 37 9 94 23 12 100 28 63 72 11 35 68 37 11 5 86 47 75 92 50 60 7 24 81 24 73 26 65 33 2 7 55 12 44 92 73 85 18 6 5 11 27 15 37 49 36 46 85 44 40 48 44 77 19 40 69 64 67 24 34 30 95 83 25 52 25 
80 100 61 100 59 97 18 24 35 16 27 87 56 32 86 100 100 81 50 78 35 35 79 45 47 34 41 61 51 40 70 6 41 51 84 77 80 25 41 47 40 88 64 99 2 80 76 5 77 80 59 2 99 82 52 32 72 8 55 91 84 7 69 51 55 10 64 15 59 19 8 45 8 69 49 35 59 36 90 23 86 30 70 85 92 84 57 12 57 65 67 84 27 15 32 76 30 58 16 65 65 57 65 78 29 41 77 
51 4 85 78 54 62 7 23 71 28 54 98 22 81 47 99 47 95 96 26 6 85 36 1 7 15 15 65 61 64 58 53 59 51 40 68 47 1 83 24 57 60 17 47 15 70 64 60 98 83 71 68 24 83 76 71 22 42 29 66 66 83 52 59 57 81 47 38 7 31 61 48 37 58 11 15 79 65 64 66 14 56 22 14 57 87 33 12 4 64 19 19 12 72 71 29 43 13 2 24 68 92 81 92 67 83 77 
13 54 78 97 10 99 96 12 31 54 75 71 94 49 90 51 94 19 59 13 86 11 3 90 47 79 37 89 10 4 53 88 82 5 60 70 67 19 58 30 51 45 69 76 25 56 39 52 30 99 75 2 40 5 61 36 18 4 61 38 59 19 39 21 98 39 77 1 86 42 99 29 52 52 93 100 42 52 61 79 83 23 68 85 90 53 84 81 44 65 82 48 19 51 23 28 46 100 24 66 38 19 80 68 91 45 24 
47 98 9 58 98 21 26 16 62 41 76 17 6 94 29 28 42 16 84 72 40 10 10 28 48 74 41 23 48 25 99 92 58 31 39 2 43 19 57 20 88 68 77 4 95 6 61 20 30 71 16 78 95 59 67 15 89 42 91 67 57 85 63 39 20 54 28 50 61 45 56 17 62 72 46 96 34 37 57 13 45 46 39 75 81 18 72 6 31 61 60 38 19 69 81 86 59 63 49 83 15 80 98 5 80 33 42 
22 34 62 32 85 98 96 71 69 45 95 20 65 94 3 31 17 16 69 82 7 9 68 33 48 62 89 10 25 74 68 63 8 39 81 33 14 19 69 42 90 1 20 7 97 23 32 51 67 30 56 41 5 88 1 20 27 55 13 94 4 37 54 68 57 54 60 69 9 68 3 23 98 20 45 82 60 13 25 52 19 63 96 42 47 52 41 48 13 37 44 64 14 100 7 81 83 18 73 48 38 57 79 16 17 55 79 
52 19 48 97 40 66 66 39 71 82 55 5 30 40 20 25 44 65 100 33 28 68 41 49 56 39 1 9 83 8 12 2 69 86 51 92 31 55 25 66 78 17 14 36 84 25 97 96 72 54 94 49 64 23 18 37 85 10 70 2 67 97 100 33 10 90 26 57 99 97 30 27 63 17 44 36 66 6 2 9 84 18 11 61 99 85 66 14 99 38 44 100 67 3 11 27 8 35 78 56 72 75 16 74 29 92 39 
28 75 45 82 22 97 37 97 22 21 96 99 2 61 67 67 41 45 66 45 80 19 29 6 65 21 59 89 15 11 22 21 41 90 70 86 39 38 54 74 12 19 54 41 22 49 74 68 3 88 98 47 24 88 58 47 11 40 97 55 79 84 60 35 76 90 51 41 52 60 66 10 14 36 9 34 97 58 91 72 11 94 56 85 55 40 1 37 60 83 21 42 91 80 15 72 82 74 16 7 13 83 47 53 8 89 27 
72 52 83 92 48 53 99 42 30 30 89 65 48 59 65 96 97 38 19 28 10 80 65 21 62 11 13 22 37 1 96 15 32 82 91 74 64 32 92 22 4 56 57 87 76 36 37 20 32 12 48 34 19 86 68 99 93 8 65 37 40 46 12 69 39 37 56 39 62 26 31 31 44 87 34 41 18 91 23 6 12 51 90 76 89 32 41 23 13 84 98 70 11 67 77 81 27 48 79 17 54 29 85 70 18 35 35 
47 84 63 97 20 66 11 96 6 34 70 33 35 66 46 32 33 88 55 47 92 49 56 91 84 88 55 85 24 15 29 89 40 25 51 66 42 96 12 30 60 44 82 51 90 82 57 1 68 68 55 53 33 3 13 97 74 67 6 14 48 44 15 26 37 7 43 71 88 29 59 23 83 85 9 24 60 53 17 67 78 72 17 88 1 97 47 3 13 53 61 41 96 61 11 68 85 70 59 58 27 33 85 92 56 91 73 
73 68 4 18 10 19 94 87 29 61 76 84 79 75 46 5 97 94 82 47 23 19 28 69 81 77 65 64 4 64 33 41 97 22 32 19 9 52 77 25 24 79 2 66 59 33 3 31 58 76 98 91 81 50 47 23 13 11 8 72 96 70 21 40 64 10 81 49 62 34 10 72 52 9 84 24 61 71 22 82 90 18 26 46 14 19 18 45 100 73 91 7 82 80 12 55 87 83 14 17 6 18 73 52 88 12 59 
19 77 72 87 6 52 65 9 92 43 11 47 2 24 34 35 11 53 64 87 63 60 51 61 59 19 30 53 34 86 96 59 42 99 11 34 35 41 6 99 75 88 87 41 80 70 37 93 1 53 67 59 42 45 65 16 71 19 66 15 34 87 18 5 57 91 97 58 50 93 53 81 6 1 46 19 85 60 79 63 100 56 4 20 19 91 44 100 11 23 52 71 6 99 67 39 70 10 38 63 86 93 5 21 46 73 47 
71 13 49 48 71 53 39 18 97 65 49 10 90 81 77 46 36 63 46 3 77 1 17 59 85 4 86 13 77 39 46 62 13 21 57 48 7 79 79 3 64 100 20 62 47 60 14 59 96 54 77 20 46 16 57 100 12 60 100 99 15 80 67 80 40 56 86 66 17 25 11 65 62 19 3 61 46 69 64 67 86 5 50 14 27 64 97 62 93 69 7 49 57 94 34 52 85 37 10 92 27 1 40 18 60 84 86 
55 67 34 55 54 8 69 7 88 86 53 28 52 35 11 98 48 74 51 85 48 34 38 74 82 48 85 38 70 45 41 30 69 68 25 53 71 4 15 50 49 60 41 69 52 68 31 12 66 7 48 23 41 47 38 56 13 25 5 66 15 54 57 65 48 16 93 87 26 23 50 100 33 74 45 9 26 44 100 2 49 62 10 69 57 80 35 40 75 79 41 44 9 52 47 22 8 100 38 6 64 70 82 96 13 92 39 
90 96 28 46 12 63 30 14 25 21 54 93 5 81 23 36 72 62 88 72 84 69 46 84 60 24 68 15 87 52 26 59 27 26 64 97 26 4 14 72 70 11 18 69 72 45 12 40 1 26 80 77 12 53 23 6 32 65 84 17 62 79 41 84 6 65 13 21 60 2 23 51 59 3 25 35 62 37 42 41 88 23 50 93 51 32 13 46 86 35 13 31 89 90 88 71 12 27 38 1 10 94 35 6 22 38 64 
1 78 17 12 36 66 95 80 22 35 93 51 50 14 40 40 63 98 66 33 24 45 76 27 52 4 40 16 87 65 28 78 95 41 75 66 21 68 9 42 56 26 70 18 100 89 39 70 2 47 97 44 42 30 50 45 18 53 38 81 65 89 29 28 6 72 44 76 20 20 52 1 100 35 72 2 59 53 86 6 16 69 50 20 57 49 87 85 82 82 18 97 89 35 96 34 75 22 70 75 41 51 42 83 17 84 82 
5 24 7 31 7 100 85 11 52 54 28 30 68 57 76 36 77 60 5 7 80 29 69 63 39 36 22 92 45 8 14 87 26 49 85 81 58 14 50 72 4 53 63 31 65 26 52 43 43 79 62 10 28 48 64 59 26 48 61 1 84 27 19 62 64 54 93 6 20 38 93 81 36 2 2 39 56 87 42 16 31 7 86 1 100 100 52 32 4 73 68 12 42 13 2 12 5 73 73 19 9 59 96 87 57 38 91 
14 50 77 4 65 14 78 3 77 12 75 47 93 49 76 88 68 3 53 84 45 92 51 54 100 90 98 22 56 62 18 48 58 63 45 100 68 72 13 48 17 39 32 11 7 44 95 1 84 100 25 3 53 60 5 13 100 48 24 82 91 32 32 96 25 8 89 18 23 74 34 44 44 34 99 27 95 88 18 77 89 93 79 73 2 55 90 79 11 39 20 12 92 25 3 41 11 30 70 98 78 93 23 15 91 79 89 
71 34 75 42 33 58 40 17 90 6 28 14 82 57 44 43 69 5 74 28 89 13 62 63 22 58 85 27 19 93 57 99 75 33 26 55 17 38 46 13 82 52 80 20 97 26 34 1 32 1 32 30 15 97 49 54 44 60 57 1 12 36 57 47 66 24 30 10 100 56 32 69 6 100 75 11 3 60 2 62 79 67 9 63 9 58 7 13 61 26 84 9 22 58 26 21 32 80 3 67 16 25 36 68 60 15 8 
62 81
